Frame	ID	CentroidX	CentroidY	Width	Length	Area	Angle	DIDnas	NONpro	PARbur	PARcau	SPIter	STEvir
21	0	4302	1954	14.637	64.701	700.0	8.13	0.00027395424	4.403324e-05	0.044690352	0.840017	0.112388045	0.0025865969
21	1	3333	1868	15.0	60.216	631.5	35.538	3.3791225e-06	8.918952e-07	5.344688e-05	0.9720067	0.025728589	0.002207078
21	2	51	1823	14.866	53.74	607.0	45.0	4.0274343e-05	4.8670345e-06	0.0019565017	0.9728122	0.0024111902	0.02277506
21	3	4760	1822	15.977	62.155	770.0	19.654	0.0012949267	7.1418085e-06	0.0024916488	0.9230882	0.018847922	0.054270186
21	4	4429	1695	16.763	68.68	870.0	15.945	0.00018415926	1.2049754e-06	0.0005473196	0.94886523	0.0019990671	0.048402924
21	5	1199	1630	13.416	67.543	715.0	25.346	8.623144e-06	6.2915376e-07	6.455521e-05	0.9868723	0.003995657	0.009058234
21	6	4435	1117	13.416	54.562	548.5	63.435	8.3289e-06	6.371061e-06	0.007911115	0.9818304	0.009786347	0.00045738954
21	7	4438	862	14.866	64.444	707.0	48.013	2.2516095e-05	1.3499096e-06	0.00010372508	0.9386236	0.003751731	0.057497088
21	8	4870	256	16.492	60.877	722.0	14.036	9.542793e-05	3.4537027e-07	2.9244407e-05	0.94993556	0.0046631303	0.045276355
21	9	2220	157	13.657	62.901	651.5	23.962	0.00074673846	0.00010084219	0.0011620383	0.39621273	0.39452362	0.20725404
22	6	4452	1107	13.416	53.235	537.5	62.526	0.00020870402	3.9735147e-05	0.010856983	0.93344	0.05273441	0.0027201385
22	5	1180	1619	13.647	67.166	703.5	29.745	1.4161331e-05	9.3842493e-07	0.00016154458	0.95644575	0.00051697495	0.042860683
22	1	3352	1882	14.3	59.3	634.0	36.87	8.913032e-06	2.4573362e-07	1.7006852e-05	0.989075	0.0031601551	0.007738664
22	2	68	1806	14.5	54.829	606.0	43.264	1.1661879e-05	3.2324053e-07	0.00016926293	0.995148	0.000267243	0.0044034375
22	9	2230	135	13.892	62.65	642.5	28.301	7.27113e-05	2.9114462e-06	9.739214e-05	0.9473607	0.022711705	0.029754614
22	0	4305	1930	15.133	63.64	692.5	8.13	2.9465935e-05	4.5513116e-07	0.0008495359	0.98993254	0.0011061291	0.008081786
22	3	4752	1846	15.66	64.08	764.0	16.699	1.7268185e-05	1.04121355e-07	0.00028560398	0.9910363	0.00087414443	0.007786481
22	7	4458	844	14.603	62.5	683.5	53.13	1.7382202e-06	6.2821236e-08	1.8533752e-05	0.99395376	0.00064639444	0.0053794
22	4	4422	1721	16.621	70.401	882.0	16.699	0.00027832	9.755295e-07	0.0003520254	0.8841453	0.002537236	0.11268612
22	8	4896	264	15.508	59.519	695.5	21.038	0.00080242346	1.3207059e-05	0.0016414733	0.8725377	0.08299984	0.042005345
23	6	4468	1098	13.21	52.158	540.0	60.642	2.2469841e-05	1.5647704e-05	0.0023188218	0.9209367	0.074448526	0.0022578135
23	1	3369	1897	15.556	59.397	664.5	45.0	5.8644127e-05	2.321321e-06	0.0005871895	0.9929006	0.0060098134	0.0004414118
23	5	1160	1607	13.892	67.742	709.5	30.964	1.8934126e-05	3.1774944e-06	0.0005894336	0.99426347	0.0034054706	0.001719477
23	9	2242	115	13.892	62.968	640.0	32.619	7.637501e-05	3.2094922e-05	0.00011506751	0.7244798	0.21709298	0.05820362
23	2	85	1791	14.16	55.933	624.0	48.013	6.346938e-05	4.1827757e-06	0.00072567275	0.9343767	0.0064708213	0.058359016
23	0	4308	1907	15.033	61.131	698.0	3.814	7.612455e-05	1.1466494e-07	0.00017061867	0.9956476	0.0005386402	0.003566823
23	3	4745	1869	16.447	61.664	772.0	18.435	0.0015067215	6.35489e-06	0.005479102	0.9143475	0.0038216535	0.07483868
23	7	4478	829	14.151	59.785	669.0	57.724	7.77624e-06	1.2409218e-06	7.990209e-05	0.97517824	0.015474254	0.0092585655
23	8	4921	273	15.435	59.96	703.0	25.017	1.2269088e-05	3.239263e-07	0.00011721082	0.99055403	0.0027140349	0.0066019865
23	4	4413	1747	16.286	70.677	895.0	18.435	0.0006010141	7.2242956e-06	0.001609334	0.9396222	0.018783117	0.03937713
24	6	4483	1088	12.971	52.595	517.0	60.945	6.2863433e-06	1.4442804e-05	0.0026752988	0.9077012	0.08878833	0.00081451476
24	5	1141	1594	14.983	66.412	707.0	26.565	1.4879774e-07	4.2322967e-09	1.1468608e-05	0.9998363	1.1711826e-05	0.0001403471
24	9	2256	96	13.314	62.018	641.5	35.538	6.791128e-05	9.813113e-06	4.9805076e-05	0.863361	0.029872082	0.10663942
24	0	4310	1884	14.534	59.053	686.0	2.49	0.0028648418	4.77964e-06	0.0010817405	0.7792919	0.015314941	0.20144175
24	1	3386	1914	14.866	59.397	670.0	45.0	0.00010142579	1.5886706e-05	0.001807413	0.8797164	0.095329754	0.023029136
24	2	104	1777	14.151	57.273	592.0	56.31	1.5752385e-05	1.7408557e-06	0.00038368494	0.98326206	0.0083503965	0.007986244
24	7	4499	817	14.534	59.927	655.5	63.435	1.8223747e-06	6.672422e-07	7.231127e-05	0.98499703	0.010034869	0.004893341
24	3	4737	1892	16.919	61.215	753.0	19.654	8.6985856e-05	4.2636362e-08	0.0003636052	0.99695647	0.0001638476	0.0024291177
24	8	4944	286	15.264	59.682	684.0	30.964	0.0001561041	1.0938398e-06	5.5793334e-05	0.7777575	0.0037248374	0.2183047
24	4	4402	1772	15.652	70.661	871.0	26.565	2.4091445e-05	7.922078e-07	0.00036042364	0.99030066	0.0023254338	0.0069886246
25	6	4500	1077	13.892	53.852	548.5	59.036	7.040012e-05	2.4155082e-05	0.0037311006	0.9465805	0.047721103	0.0018726706
25	9	2270	80	14.534	60.583	636.5	41.186	1.0184793e-06	5.0047544e-07	2.914199e-05	0.9952195	0.0026703256	0.0020795593
25	0	4309	1861	14.0	61.0	687.0	0.0	0.0030267255	2.6427177e-05	0.0059762625	0.8196754	0.12095872	0.050336495
25	5	1122	1582	14.765	65.765	705.5	28.301	1.3374962e-06	1.34229e-07	0.0001115931	0.99939597	0.0004099606	8.0954305e-05
25	2	124	1766	13.416	58.138	586.0	63.435	2.8765844e-06	1.8548392e-06	2.754363e-05	0.9534847	0.034543097	0.011939862
25	3	4728	1913	16.771	60.821	761.5	26.565	0.0006649554	7.0872343e-06	0.0030333241	0.95110184	0.0122906715	0.032902114
25	1	3403	1931	14.849	61.518	675.0	45.0	3.863556e-06	7.472686e-07	4.6001194e-05	0.93453234	0.024021292	0.041395653
25	7	4522	808	15.232	62.241	692.5	66.501	1.470538e-06	1.696534e-07	4.7481568e-05	0.9967378	0.0016349131	0.0015781724
25	4	4388	1795	15.264	70.491	837.5	31.608	5.412551e-06	4.2289025e-07	0.00011186862	0.99825066	0.0007858887	0.0008455742
25	8	4967	302	16.508	57.311	705.0	35.538	1.6400902e-05	4.8048804e-08	7.8206385e-06	0.81447405	0.00016259548	0.18533914
26	6	4516	1066	14.422	54.918	563.5	56.31	8.4122524e-07	2.2830103e-07	0.00025957296	0.9977289	0.0018480619	0.00016244095
26	5	1102	1572	14.577	64.222	694.0	24.444	2.9857438e-05	1.6852777e-05	0.00035312193	0.83535945	0.16047695	0.0037637916
26	9	2285	63	14.213	61.074	644.5	39.806	6.027276e-07	1.468344e-07	4.107649e-06	0.9941679	0.0018281247	0.0039991
26	0	4307	1838	15.0	61.0	706.0	90.0	0.00086029066	9.3216295e-06	0.0040410208	0.9550503	0.01419894	0.02584017
26	2	146	1756	13.416	56.798	571.0	63.435	2.098148e-05	6.9587345e-06	0.00039219263	0.96028036	0.0348878	0.004411728
26	3	4716	1934	15.207	61.492	728.5	26.565	8.961963e-05	6.53024e-07	0.00024693122	0.9234048	0.0012779209	0.07498008
26	1	3421	1949	14.5	60.541	661.5	41.987	1.0931485e-05	2.7777485e-06	0.00036242767	0.9603379	0.0041258107	0.03516026
26	8	4987	316	16.125	56.436	694.0	29.358	0.00013433404	3.638854e-06	0.0005307884	0.7343075	0.0025494345	0.2624743
26	7	4547	800	15.338	64.353	720.5	71.565	8.00253e-07	8.322564e-08	2.554942e-05	0.99521434	0.0018411193	0.0029180301
26	4	4372	1817	16.401	71.84	842.0	38.66	1.0083931e-05	1.6845269e-06	0.00013503066	0.99638224	0.0018113327	0.0016595509
27	6	4533	1053	14.841	54.454	565.0	59.744	6.668512e-07	1.9105833e-06	0.0017780343	0.98317194	0.0149990395	4.848911e-05
27	5	1083	1563	13.928	63.906	673.5	19.654	2.6520436e-05	1.5317062e-05	0.0006534186	0.89422446	0.10294422	0.0021360933
27	0	4305	1813	15.0	63.0	728.5	90.0	4.1720607e-05	2.7020207e-07	5.331289e-05	0.94071853	0.010144743	0.0490415
27	2	168	1746	14.318	55.946	602.0	65.556	1.8002064e-06	3.8197643e-07	0.00035627218	0.9965693	0.0025680258	0.00050429575
27	1	3439	1964	13.793	60.583	644.5	41.424	0.00014075908	5.928097e-05	0.005344327	0.9403388	0.008803662	0.045313176
27	3	4703	1956	14.422	62.682	690.0	33.69	4.950006e-05	1.981714e-06	0.00045011748	0.9729778	0.008610143	0.017910508
27	8	5008	329	15.652	54.562	652.5	26.565	0.0015335248	2.1554297e-05	0.0014379758	0.50485235	0.1206164	0.37153816
27	4	4354	1837	15.556	70.711	869.5	45.0	1.6240196e-05	7.9702346e-07	0.000105525156	0.99556726	0.00021965473	0.0040904875
27	7	4574	791	14.866	67.357	755.5	71.565	3.880592e-06	1.8649715e-07	0.00012574995	0.9967127	0.0021860884	0.0009714002
28	6	4550	1042	13.463	55.823	575.0	59.036	1.6560806e-06	2.3569617e-06	0.00075486896	0.96431565	0.034865446	5.9949536e-05
28	5	1063	1555	13.757	65.934	674.5	18.435	8.380914e-07	6.3721313e-07	3.522225e-05	0.9868984	0.012883321	0.00018149674
28	2	187	1736	14.841	54.966	612.0	59.036	1.7605593e-05	3.8300927e-06	0.012182561	0.9827801	0.0030550787	0.001960694
28	0	4304	1789	14.0	62.0	715.0	90.0	0.0014329961	3.104997e-06	0.00054903625	0.7451446	0.02125494	0.23161532
28	1	3458	1979	14.422	60.803	648.5	36.027	0.00023550834	2.949659e-05	0.0038981384	0.98148006	0.009286513	0.005070276
28	8	5030	340	15.811	53.759	629.0	18.435	0.0003284105	9.290474e-07	0.00061096	0.9849385	0.0018289103	0.01229225
28	4	4336	1855	16.263	68.589	858.5	45.0	8.947923e-06	1.0134679e-06	0.0002885263	0.96264404	0.00041994403	0.03663757
28	3	4687	1978	15.116	65.334	710.0	34.695	3.4978897e-05	2.4037445e-06	0.0003138472	0.9888016	0.008545461	0.0023018362
28	7	4601	782	14.396	69.118	751.0	70.017	1.3580049e-06	1.2835066e-07	2.873004e-05	0.9976623	0.001843247	0.00046427757
29	6	4567	1032	13.647	56.385	578.5	61.39	1.4951003e-07	2.5217417e-07	0.00014224688	0.99636734	0.0034699296	2.0029487e-05
29	5	1042	1549	14.866	67.357	703.5	18.435	1.863322e-05	1.4738256e-06	0.000747763	0.99388796	0.004671498	0.00067269255
29	2	205	1725	15.0	54.203	615.0	53.13	7.3132865e-06	1.0935112e-06	0.0007604217	0.9809214	0.00073034456	0.017579515
29	1	3478	1992	14.151	62.34	665.0	30.964	2.1962303e-05	1.121369e-06	0.00018449256	0.9839416	0.0067142323	0.009136564
29	0	4305	1764	15.033	62.073	689.0	2.49	9.568698e-05	1.1917592e-06	0.0008093119	0.98761046	0.0033701367	0.008113278
29	8	5053	348	15.042	55.22	617.5	15.945	8.04438e-06	1.3439725e-08	5.554191e-05	0.99938464	0.00034273247	0.0002089667
29	4	4319	1873	16.401	66.843	816.0	38.66	0.00025852432	4.931142e-06	0.0004041576	0.639173	0.009326708	0.35083276
29	3	4671	2000	15.692	64.925	731.0	32.005	0.00011124265	4.578825e-06	0.00021149036	0.93058294	0.016190154	0.05289965
29	7	4627	771	14.116	68.485	752.0	66.038	4.2586935e-06	4.4303107e-07	3.194718e-05	0.93905693	0.020641979	0.0402645
30	6	4585	1022	13.892	55.946	561.0	61.39	3.78537e-07	1.4265314e-07	0.0005410297	0.9978613	0.0015738832	2.3292963e-05
30	2	221	1711	14.849	54.447	611.5	45.0	9.281996e-06	1.2700706e-06	0.0008227382	0.96687615	0.00114279	0.031147702
30	5	1021	1542	14.866	67.067	727.5	19.983	5.486756e-06	5.023237e-06	0.00028902147	0.9885373	0.010934891	0.00022826028
30	0	4308	1740	14.714	63.218	698.0	8.531	0.0010406945	0.00013356641	0.057713848	0.75016636	0.18656251	0.0043829065
30	4	4305	1892	15.532	64.236	759.5	31.608	0.0001532129	0.00013575579	0.004388137	0.5290328	0.4549177	0.011372303
30	8	5077	353	16.279	56.089	639.0	11.31	0.00017989399	1.4548808e-06	0.0004007659	0.97435683	0.022463897	0.0025971686
30	1	3500	2004	15.008	62.7	678.5	29.745	3.8110822e-05	1.5052343e-05	0.0042003626	0.96768004	0.02473362	0.003332967
30	3	4656	2021	15.264	64.9	722.0	33.69	1.338404e-06	2.3108625e-07	6.961962e-05	0.99707544	0.0013241946	0.001529206
30	7	4653	758	14.327	67.359	716.0	61.189	1.5466081e-05	6.15688e-07	0.00020989215	0.9938631	0.00090338296	0.0050075976
31	6	4604	1012	13.416	55.036	589.0	64.983	1.05849895e-05	8.68866e-06	0.016616747	0.94421667	0.039032854	0.00011440591
31	2	237	1695	14.866	56.569	638.0	45.0	1.8916298e-05	1.2583672e-06	5.9322872e-05	0.47024828	0.00272558	0.5269467
31	5	999	1534	14.396	67.965	745.5	21.801	6.1363057e-06	3.4587316e-07	6.484436e-05	0.9964831	0.0014085099	0.002036981
31	4	4294	1912	15.652	63.953	770.0	26.565	0.00019452636	2.620317e-05	0.0016025241	0.94250804	0.017809303	0.03785948
31	0	4312	1716	15.297	61.188	708.5	11.31	4.641718e-05	7.463954e-08	0.00026489576	0.9977703	0.00010059536	0.0018176934
31	1	3521	2016	15.811	59.076	673.0	33.69	0.000213226	2.3766752e-05	0.00309267	0.7028773	0.28535834	0.008434603
31	8	5103	359	14.56	57.723	644.5	14.036	0.00022475187	5.019136e-07	0.0006988179	0.9891644	0.009423545	0.00048805296
31	3	4643	2043	14.765	63.632	720.5	29.745	0.00011958591	1.1270127e-05	0.0071629127	0.96474993	0.026844945	0.0011113748
31	7	4676	741	14.009	69.11	722.0	53.973	1.9387871e-06	1.5759078e-07	3.347265e-05	0.99926215	0.0002195501	0.0004827871
32	6	4622	1004	14.318	53.712	591.5	65.556	6.5979375e-06	1.2805734e-06	0.0004857168	0.9921663	0.007175069	0.00016513291
32	2	253	1679	15.556	57.983	666.5	45.0	8.672266e-06	4.003912e-07	0.00013866312	0.9905386	0.00034317406	0.008970439
32	0	4315	1694	16.125	59.414	698.5	7.125	0.0002583427	3.2398984e-06	0.011657125	0.98459345	0.0016658169	0.0018220008
32	5	977	1524	13.865	68.2	732.0	26.565	2.526595e-05	2.6676098e-06	0.00021939247	0.94758487	0.027411915	0.024755813
32	4	4284	1935	16.101	66.508	794.5	23.199	0.0006330964	1.8812345e-05	0.003573602	0.9502648	0.030145269	0.015364406
32	1	3541	2029	15.0	61.4	686.5	36.87	6.3553534e-06	5.984151e-07	0.00015433233	0.99205726	0.0015914628	0.006189933
32	8	5128	367	14.705	58.662	650.5	18.435	3.437173e-05	1.3645928e-06	0.0007813586	0.9855714	0.010927414	0.0026840472
32	3	4631	2067	14.773	64.189	720.0	25.201	0.00036271894	2.0182679e-05	0.0039369254	0.9006172	0.060589112	0.034473844
32	7	4698	723	14.916	67.546	754.0	50.711	3.4498466e-06	1.9230949e-07	5.2589614e-05	0.99804413	0.00018471443	0.0017148681
33	6	4639	996	14.318	53.666	595.5	63.435	4.628462e-07	4.1922856e-08	0.0005151729	0.99922943	0.0001721507	8.2716026e-05
33	5	957	1513	13.416	68.0	701.0	28.072	4.7427864e-05	1.5348877e-06	0.00026632074	0.9351521	0.0041753384	0.060357288
33	0	4316	1671	15.0	57.0	689.0	90.0	0.00017021777	7.971899e-07	0.0005702003	0.8942345	0.018430935	0.0865934
33	2	271	1663	15.305	57.873	655.0	50.711	1.1495453e-06	5.1130158e-08	1.6894184e-05	0.9665522	0.0002090831	0.033220578
33	1	3560	2043	14.603	61.703	684.0	37.569	3.5672507e-05	2.6345874e-06	0.0002825182	0.96299434	0.017714376	0.018970381
33	4	4275	1958	17.868	69.096	870.0	18.435	0.0003493316	6.0079174e-06	0.00086497056	0.9671777	0.010428572	0.021173438
33	3	4622	2091	15.232	64.622	714.0	21.801	0.00030270626	1.8173083e-05	0.0068863505	0.9448014	0.040244415	0.007747045
33	8	5153	378	14.773	57.02	637.0	26.565	0.0013044993	2.1553797e-06	0.00033254485	0.94679165	0.020702813	0.030866368
33	7	4719	704	15.24	66.191	740.5	48.013	3.600705e-06	2.3693143e-07	8.9695255e-05	0.99891055	0.00015616746	0.0008398019
34	6	4657	989	14.983	55.231	611.0	63.435	4.909538e-06	4.8904974e-07	0.0013638341	0.99477816	0.0036206278	0.00023198758
34	0	4316	1650	15.0	59.0	698.0	90.0	0.0051808646	1.8640674e-05	0.0013940359	0.56830984	0.043182418	0.38191414
34	5	938	1501	14.151	66.462	698.0	32.005	1.7417242e-05	8.613345e-07	4.362035e-05	0.9581294	0.0012344705	0.040574208
34	1	3577	2058	14.866	62.225	659.5	45.0	1.6112268e-06	2.6870302e-07	9.116986e-05	0.9983454	0.0014169193	0.00014459716
34	2	291	1651	14.151	58.406	624.0	57.529	1.199748e-05	1.8812552e-06	6.966908e-05	0.9520873	0.009978978	0.037850022
34	3	4613	2116	15.042	63.744	706.5	16.699	5.1771833e-05	3.1718687e-06	0.0021506976	0.92342937	0.06285967	0.011505248
34	4	4264	1983	16.155	69.354	860.0	24.775	0.000517627	7.80398e-06	0.0015209045	0.93674433	0.013536102	0.04767324
34	8	5176	391	15.264	55.073	627.5	29.745	6.670531e-05	5.954478e-07	0.00020065226	0.99065197	0.0059652547	0.0031148102
34	7	4739	687	15.24	65.523	729.5	48.814	3.067222e-06	5.7327327e-07	0.00011559529	0.95882976	0.0007887475	0.04026226
35	6	4676	981	14.318	58.6	655.5	64.537	1.7180026e-05	2.1919118e-06	0.0025166876	0.986974	0.008928424	0.0015614982
35	5	919	1488	14.422	66.287	700.0	33.69	1.0873978e-06	1.589754e-07	5.8442718e-05	0.9993229	0.00018891918	0.000428527
35	0	4314	1626	16.0	60.0	741.5	90.0	0.0005165901	1.2620058e-06	0.0006398103	0.98687685	0.0012642809	0.0107011525
35	2	311	1639	13.416	58.138	613.5	63.435	9.697553e-07	4.855975e-07	8.0793696e-05	0.99038005	0.0031025459	0.006435092
35	1	3594	2074	14.866	60.811	676.5	45.0	6.992555e-05	1.7785088e-06	0.00016036323	0.9768438	0.013478669	0.00944547
35	3	4606	2140	16.621	61.881	734.0	15.945	7.4318894e-05	2.3129667e-06	0.0026678215	0.96974784	0.024009833	0.0034979123
35	8	5197	406	15.0	54.406	603.0	36.87	0.00038532488	4.6333093e-06	0.00051300786	0.96050614	0.008188045	0.030402917
35	4	4252	2007	16.125	71.589	862.0	28.61	4.3954497e-06	1.5914368e-07	9.96052e-05	0.9969578	0.00034049436	0.0025976808
35	7	4759	670	15.0	63.6	726.5	53.13	3.8667918e-06	8.9590924e-07	4.805602e-05	0.8589926	0.005262803	0.1356918
36	6	4697	972	15.232	60.166	656.5	68.199	3.4220695e-05	1.0726243e-05	0.012829867	0.8373009	0.14586453	0.0039597866
36	5	901	1475	14.765	66.731	705.0	29.055	9.428884e-07	4.2330814e-08	5.0620638e-05	0.9993119	6.273048e-05	0.0005738231
36	1	3609	2089	15.572	59.502	637.5	41.634	1.3689565e-05	1.1474436e-06	0.00013288498	0.9859402	0.010250953	0.0036611601
36	2	332	1629	14.089	58.809	627.0	63.435	7.958296e-07	2.5867573e-07	5.6548437e-05	0.99540687	0.0014563742	0.0030792302
36	0	4313	1602	17.029	63.032	776.0	2.49	0.0006964952	2.6519416e-05	0.00065873447	0.7539579	0.026222415	0.21843795
36	3	4598	2163	16.155	61.465	733.0	21.801	0.0001162307	1.6216316e-06	0.007233459	0.9821999	0.0069867508	0.0034619577
36	8	5219	420	14.327	53.087	581.5	29.745	0.0002812798	2.8702892e-05	0.0058673243	0.6353566	0.35735086	0.0011152318
36	7	4780	656	14.841	61.654	700.5	59.036	2.2483364e-06	1.0155205e-06	2.0473182e-05	0.9667367	0.018077927	0.015161712
36	4	4236	2029	15.532	70.308	840.5	33.69	0.00028954836	1.4262757e-05	0.0013214566	0.96110654	0.01764206	0.019626215
37	5	882	1463	14.318	64.846	702.5	26.565	6.3466166e-07	5.1465157e-08	4.1917025e-05	0.99958354	0.00022435658	0.00014962241
37	1	3625	2104	14.142	57.983	634.0	45.0	0.0002837099	1.4924598e-05	0.0006603933	0.7440122	0.21811296	0.036915828
37	6	4719	962	14.089	61.939	656.5	63.435	2.9113155e-05	2.7687342e-05	0.0021594728	0.43214595	0.5607428	0.004894985
37	2	353	1619	15.264	57.306	624.0	60.255	2.8064184e-07	4.0517875e-08	7.763371e-05	0.9990447	0.00035204424	0.00052537967
37	0	4313	1577	15.0	60.0	725.0	90.0	0.0019098934	3.8985422e-07	0.00022122773	0.9556283	0.0011558636	0.0410844
37	3	4588	2186	15.232	60.836	706.5	25.201	7.991782e-05	2.8928187e-06	0.0012547348	0.9794819	0.010508466	0.008672184
37	7	4802	645	15.207	61.492	700.5	63.435	8.994419e-06	8.610248e-07	6.4427724e-05	0.9758012	0.008077418	0.016047098
37	8	5241	433	14.327	49.882	538.0	28.072	0.00032630627	2.6355461e-05	0.0058606584	0.41964832	0.56918085	0.004957531
37	4	4219	2049	15.945	71.967	849.0	40.601	4.511924e-05	6.8509553e-07	0.00011928878	0.99503124	0.0002061711	0.004597422
38	5	864	1453	13.928	64.622	699.0	21.801	4.440348e-05	2.731004e-06	0.00015263255	0.96792924	0.018509028	0.013361843
38	2	371	1609	14.422	56.036	631.0	55.305	3.2344054e-05	2.260091e-06	0.0005509825	0.9554564	0.0025855855	0.041372444
38	1	3640	2120	14.142	56.569	615.5	45.0	1.4969982e-05	1.4128658e-06	0.00020337896	0.7102765	0.0027423373	0.28676137
38	8	5262	442	15.524	49.336	557.0	17.354	0.0003681425	5.5984638e-06	0.007694094	0.9722653	0.018729556	0.0009373088
38	6	4741	952	13.416	60.374	654.0	63.435	3.3486256e-05	2.553094e-05	0.0018161283	0.7950594	0.2014974	0.0015680975
38	0	4315	1553	16.125	62.65	724.5	8.13	0.00045653587	7.5151906e-06	0.0019559504	0.9297727	0.042961676	0.024845632
38	7	4825	637	14.866	62.968	704.0	68.962	1.8025146e-05	2.7785948e-06	0.00016652509	0.97256887	0.017079862	0.010163882
38	3	4575	2207	14.534	62.163	699.0	26.565	4.9584633e-05	5.4953875e-06	0.0009514708	0.981247	0.0126927225	0.0050537437
38	4	4200	2069	16.263	70.004	862.0	45.0	2.536666e-05	1.144093e-06	0.000104654	0.9734725	0.00068814296	0.025708202
39	1	3656	2134	14.16	56.679	605.5	41.186	0.00017873988	2.1893351e-05	0.0017314032	0.9632589	0.02236291	0.012446003
39	5	843	1445	13.601	63.246	658.0	18.435	2.5446843e-07	2.1643113e-07	0.00012088058	0.9968917	0.0029631453	2.3923869e-05
39	2	388	1596	15.7	54.3	610.5	53.13	2.3679324e-06	1.8247245e-07	0.00021435966	0.9963709	0.00025761483	0.0031544475
39	6	4762	940	14.151	60.969	663.0	59.036	5.7821894e-06	1.0391303e-06	0.00057890563	0.97677714	0.0041619814	0.018475182
39	0	4319	1529	15.207	60.334	690.5	9.462	0.00093978195	2.9793848e-06	0.0038471206	0.9782038	0.003293948	0.013712329
39	3	4561	2227	15.264	63.812	705.0	32.005	2.8060686e-05	1.6422352e-06	0.00059546984	0.99466985	0.0032986612	0.0014062775
39	8	5286	448	14.318	50.99	546.5	11.31	0.00030209773	6.519162e-07	0.00051284686	0.95660585	0.039714877	0.0028636744
39	7	4850	629	15.524	65.253	746.0	74.745	1.3159087e-06	4.420166e-08	2.1203468e-05	0.99598557	0.00081177865	0.0031801036
39	4	4181	2087	16.971	69.296	841.5	45.0	1.2436611e-06	1.3739339e-07	6.306531e-05	0.9990403	0.000119880024	0.0007753286
40	2	403	1582	14.142	55.866	625.0	45.0	2.5221905e-05	1.4697958e-06	0.00017767359	0.9877545	0.0020209504	0.01002028
40	5	823	1438	13.601	66.098	660.0	17.65	5.4779086e-08	2.4080984e-08	4.2317188e-05	0.9993956	0.0005356901	2.6332284e-05
40	1	3672	2147	14.866	57.385	613.5	41.634	5.834122e-05	5.789535e-06	0.0012433272	0.9904038	0.0059656207	0.0023231225
40	0	4323	1506	16.279	58.464	696.5	12.529	0.00052427535	4.852795e-07	0.0013201322	0.99402505	0.0018746245	0.0022554386
40	6	4783	928	15.652	62.61	681.5	63.435	2.6681712e-06	1.099884e-06	0.0005975577	0.9910194	0.007938823	0.00044039823
40	3	4545	2247	15.264	64.351	714.5	33.024	3.9343868e-06	2.1803041e-07	0.00014649204	0.99629647	0.00055994635	0.0029928696
40	8	5311	454	14.431	53.854	555.5	12.529	4.507864e-05	1.353694e-06	0.00077366026	0.95868975	0.03981245	0.00067774486
40	7	4875	623	15.524	65.97	753.5	75.964	1.6669886e-06	3.0759868e-08	7.242215e-06	0.9874483	0.00040929936	0.012133462
40	4	4160	2108	17.029	69.656	863.0	39.094	2.5390857e-05	7.4311333e-07	0.0002995161	0.9973808	0.0008966198	0.0013968727
41	1	3688	2159	14.534	59.281	616.5	39.806	0.00025699456	6.709042e-05	0.00523233	0.9219525	0.06976175	0.0027293828
41	5	802	1432	13.601	66.408	685.0	18.435	2.091513e-07	6.1357106e-08	2.32398e-05	0.9988306	0.0011111523	3.4650653e-05
41	2	419	1565	14.849	57.276	662.0	45.0	1.31134575e-05	2.1302515e-06	0.00051944423	0.9391249	0.0059245424	0.05441591
41	6	4802	917	14.318	59.481	666.5	63.435	3.8085004e-06	1.0168751e-06	0.0016566693	0.99617577	0.0016901951	0.00047244548
41	0	4326	1483	16.125	60.299	731.0	6.34	0.00050799124	1.2601454e-06	0.0022748238	0.99198556	0.0013481202	0.003882164
41	3	4530	2267	15.811	64.9	737.5	33.69	9.868474e-06	2.1642784e-07	0.0003803651	0.9986578	0.00031171512	0.00063999975
41	8	5335	460	14.431	50.934	533.5	14.036	0.00030612532	4.5264984e-05	0.044571113	0.16382726	0.79083246	0.00041781022
41	7	4903	616	16.492	70.093	788.5	75.964	1.7008599e-06	6.1004194e-08	1.4302565e-05	0.99744415	0.001700042	0.0008396554
41	4	4142	2132	16.508	65.593	819.0	33.69	7.501676e-05	1.7786894e-06	0.000512525	0.987965	0.0021422736	0.00930343
42	5	782	1425	14.56	67.72	727.0	16.699	6.118577e-07	1.3223973e-07	0.00012796665	0.9991738	0.0006221602	7.540037e-05
42	1	3705	2171	14.705	60.624	631.5	35.538	7.378845e-05	1.653374e-05	0.0014530432	0.96977836	0.014705491	0.013972853
42	6	4821	906	14.765	58.181	660.5	60.945	1.4170381e-06	3.8056368e-07	0.0004290242	0.99551266	0.0036281021	0.00042845015
42	2	436	1549	14.142	57.983	651.0	45.0	3.2713524e-06	2.3619533e-07	4.9936647e-05	0.95604223	0.00011232468	0.04379195
42	0	4328	1458	16.194	63.145	745.5	7.595	0.000435943	2.0417247e-05	0.002299576	0.6892156	0.2827937	0.025234656
42	3	4516	2287	14.577	64.502	719.5	32.471	4.342197e-05	2.8460192e-06	0.00080160645	0.9798273	0.014000298	0.005324574
42	8	5359	469	14.318	51.43	514.5	26.565	0.0005425736	2.6871123e-05	0.044713	0.62265486	0.33157134	0.0004913688
42	4	4129	2155	16.155	66.31	795.5	23.199	5.378052e-05	5.4456127e-06	0.0022041476	0.99201787	0.003734235	0.0019846354
42	7	4930	609	15.042	69.11	783.5	72.897	1.5673401e-06	6.6115405e-08	9.058572e-06	0.9922086	0.0016662694	0.0061143236
43	5	760	1418	13.928	68.352	718.0	20.556	2.0956013e-05	7.724785e-06	0.00039181355	0.94542545	0.047564495	0.006589548
43	6	4839	895	13.892	57.706	657.0	62.103	3.4062316e-05	5.0025333e-06	0.005108334	0.97853035	0.0043775	0.011944729
43	1	3724	2183	15.305	60.401	653.0	36.87	1.8553339e-05	4.482327e-06	0.0006823736	0.9909266	0.002974077	0.005393854
43	2	455	1534	15.24	59.222	670.0	49.399	3.4307172e-07	9.598272e-08	2.0419586e-05	0.99673426	0.00030161088	0.0029432096
43	3	4504	2309	14.773	65.592	713.5	23.962	1.1435587e-05	1.3685008e-06	0.0001874299	0.9863083	0.007948462	0.0055430206
43	0	4328	1431	16.0	64.0	763.5	0.0	0.00092993764	5.7357015e-06	0.00218509	0.90752596	0.038420945	0.050932407
43	4	4119	2178	15.977	68.82	812.0	20.556	1.5667527e-05	4.822878e-07	0.00047863758	0.9964611	0.0015375791	0.0015065374
43	8	5383	483	13.416	50.537	489.0	27.553	0.00080703537	2.09956e-05	0.01682976	0.21152002	0.7699203	0.0009019286
43	7	4957	599	15.232	66.851	752.0	68.199	4.678941e-06	4.285241e-07	0.00029174425	0.9926847	0.0029200132	0.004098368
44	6	4859	886	14.773	58.389	647.5	64.799	1.9653193e-07	2.6320544e-08	8.510321e-05	0.999551	0.00028964313	7.4007025e-05
44	1	3741	2196	14.603	61.533	643.5	38.66	2.0052928e-05	1.1615692e-06	0.00011789942	0.9730085	0.006827287	0.020025086
44	5	739	1409	13.2	68.485	722.5	23.962	5.7778316e-06	7.852677e-07	0.00014391544	0.99020946	0.0049120374	0.004727968
44	2	474	1521	14.422	58.249	623.0	55.62	2.4078317e-05	9.883513e-06	0.00014073646	0.8562352	0.07549534	0.06809469
44	3	4493	2332	14.577	63.044	687.0	21.801	0.0016653574	0.00024146757	0.008781039	0.4631712	0.47381756	0.05232344
44	0	4328	1403	16.0	65.0	800.0	0.0	0.00011407766	5.434739e-07	4.8592938e-05	0.5919604	0.034558415	0.37331805
44	4	4108	2204	16.621	69.269	863.0	22.249	3.3994183e-05	6.4094124e-08	6.96497e-05	0.97045666	0.0002586991	0.029180856
44	7	4982	587	14.089	68.648	731.0	63.435	6.2466097e-07	1.00145634e-07	5.8500435e-05	0.99294657	0.0019900668	0.005004063
45	6	4878	878	15.977	56.923	645.5	67.38	4.348971e-06	5.1661834e-07	0.0010245641	0.9969074	0.0018688707	0.00019429205
45	1	3759	2209	14.213	60.44	637.5	38.66	1.2277034e-05	1.1312966e-06	0.00017090005	0.9847247	0.008126563	0.006964451
45	5	718	1399	12.971	68.2	701.0	26.565	0.00010384698	3.114095e-06	0.00016146702	0.7685576	0.02022822	0.21094579
45	2	494	1509	14.765	56.939	605.5	59.534	3.9765846e-06	2.0096566e-07	3.014195e-05	0.9915283	0.0014692663	0.006968017
45	3	4484	2355	15.508	65.487	737.0	20.225	2.6360438e-05	3.3724197e-07	0.00045360555	0.9741545	0.0015666803	0.023798542
45	0	4327	1377	16.0	63.0	781.0	90.0	0.0018648818	3.8552685e-07	9.3861214e-05	0.7149178	0.009541404	0.27358165
45	7	5005	574	13.892	66.888	721.0	58.57	2.3809578e-06	5.976264e-08	1.5306285e-05	0.99109054	0.00032352688	0.008568119
45	4	4096	2229	15.652	71.554	861.0	26.565	1.7572816e-05	1.8979229e-07	3.4921566e-05	0.95673376	0.0013055447	0.041908022
46	6	4898	871	15.232	59.615	694.5	67.38	8.5463915e-07	1.1096798e-08	0.00022120203	0.9996331	7.553581e-05	6.940235e-05
46	1	3775	2224	13.454	60.308	618.0	40.601	2.4965862e-05	1.4096614e-06	0.000110477115	0.79154074	0.020195974	0.18812642
46	2	514	1499	13.865	58.363	605.0	63.435	2.9621367e-07	2.998826e-07	6.784195e-05	0.9939831	0.00544537	0.00050299667
46	5	698	1387	13.647	69.794	715.0	28.072	2.6078063e-05	1.844976e-06	0.00013721726	0.8908247	0.005247249	0.10376299
46	0	4329	1350	16.031	63.127	790.5	3.814	0.0024703178	8.152437e-06	0.0028686596	0.95164025	0.0052192295	0.037793268
46	4	4080	2251	15.532	71.696	834.5	33.69	1.0879038e-05	9.287712e-07	0.000104280465	0.99212706	0.0019735177	0.0057833074
46	7	5028	558	15.0	66.4	713.5	53.13	2.2773718e-06	1.6419656e-07	4.7178455e-05	0.99613404	0.001247255	0.0025692275
46	3	4473	2383	14.56	66.408	750.0	18.435	0.002437964	8.135231e-05	0.0063524414	0.42700288	0.22329861	0.34082687
47	6	4918	864	15.811	59.135	685.0	71.565	2.2459059e-05	1.080594e-07	0.00015958477	0.9973369	0.00050463685	0.0019763182
47	5	679	1375	14.327	66.979	714.0	29.745	4.3227533e-06	1.7795199e-07	5.580027e-05	0.9946279	0.00014125973	0.005170524
47	1	3791	2239	13.435	61.518	618.5	45.0	3.055809e-05	1.8159679e-05	0.00037355724	0.3717191	0.61796546	0.00989319
47	2	535	1489	13.865	57.02	608.5	63.435	2.3777118e-07	1.04245885e-07	7.894228e-05	0.99867517	0.0007999041	0.0004455588
47	0	4333	1325	15.7	62.39	740.0	9.462	0.0023396346	0.00029125303	0.047104135	0.79453564	0.13390961	0.021819718
47	4	4063	2272	15.62	69.656	826.0	39.289	8.407271e-06	3.9401587e-07	5.4738917e-05	0.9925768	0.0003988506	0.0069607864
47	7	5050	541	15.0	65.803	729.5	53.13	6.809837e-06	6.809405e-07	0.00023090073	0.9977081	0.0005249761	0.0015284364
47	3	4462	2409	15.508	63.973	738.5	21.801	0.00022140604	1.0797782e-05	0.005355028	0.96410275	0.025162345	0.0051476266
48	5	661	1364	14.765	67.082	720.5	26.565	1.0239964e-06	1.03233226e-07	6.118657e-05	0.9992774	0.00034740305	0.00031290273
48	2	554	1480	15.008	54.279	601.5	59.036	1.5805668e-05	1.2943891e-06	0.00052219856	0.99107695	0.0017811971	0.0066025215
48	1	3807	2254	14.142	62.225	613.0	45.0	7.5272333e-06	5.6692425e-06	0.00017287313	0.89295465	0.10066438	0.0061948705
48	6	4940	857	15.042	59.701	689.5	68.199	2.0960044e-05	6.3707336e-07	0.0011208869	0.9944833	0.0028208133	0.0015533785
48	0	4338	1300	16.008	64.879	776.5	14.036	4.1929834e-05	1.4396608e-07	0.00043488486	0.99594146	0.0009868668	0.0025947243
48	4	4044	2291	16.263	71.418	832.0	45.0	1.5401056e-05	1.7278203e-06	0.00012356233	0.99243295	0.0046680504	0.0027581886
48	7	5072	524	15.0	63.6	719.0	53.13	2.7663352e-06	6.2469944e-08	3.2616525e-05	0.99829704	0.00040384996	0.0012636739
48	3	4449	2433	14.765	64.008	703.5	29.055	0.0003594167	1.0357377e-05	0.0010563023	0.8922783	0.073593356	0.03270229
49	5	642	1353	14.318	65.742	719.5	26.565	8.914489e-07	7.187776e-08	0.00018187136	0.9991443	0.00016824539	0.0005045497
49	2	571	1468	14.3	53.502	599.0	52.431	0.00042834203	2.418454e-05	0.0013327961	0.45587474	0.036618616	0.5057214
49	1	3822	2270	13.435	61.518	607.5	45.0	1.8086372e-05	1.0323939e-06	0.00014098831	0.9706449	0.0073656314	0.021829342
49	6	4961	850	14.577	60.815	660.5	68.199	0.00021182565	2.1052294e-05	0.0046595847	0.95275927	0.040116448	0.002231851
49	0	4343	1275	15.788	65.622	787.0	12.529	7.184466e-05	2.8495205e-07	0.00079148036	0.99747676	0.00032672082	0.0013330469
49	3	4434	2454	15.116	65.593	721.5	33.69	1.4587064e-05	1.0137563e-06	0.0006254346	0.9943915	0.0029431449	0.002024276
49	7	5093	508	15.811	63.246	710.0	55.008	3.5978053e-07	1.9614623e-08	6.4571877e-06	0.9821555	0.0002800928	0.017557556
49	4	4024	2309	15.556	67.882	828.0	45.0	2.3528653e-05	8.8935184e-07	0.0003470417	0.9949144	0.00090185687	0.0038124328
50	1	3836	2285	13.454	59.397	597.0	45.0	3.270608e-05	8.017684e-06	0.0005643971	0.91432595	0.07777607	0.0072928267
50	2	587	1454	14.142	53.74	596.5	45.0	0.00011484071	6.643844e-06	0.0009395646	0.9439651	0.0040056156	0.050968304
50	5	622	1344	13.928	63.695	688.0	21.801	6.578971e-05	3.889456e-05	0.00053362135	0.61991787	0.36778393	0.01166
50	6	4982	842	14.866	61.465	676.0	68.199	3.5473517e-05	1.48972895e-05	0.006496316	0.9619116	0.026616497	0.004925203
50	4	4007	2326	17.205	63.6	798.5	36.87	9.0879235e-05	1.5039033e-05	0.0016643043	0.9490932	0.042800557	0.006335989
50	3	4417	2474	15.0	66.4	741.5	36.87	1.3112611e-05	6.214155e-07	0.00025435115	0.99255824	0.00059384934	0.0065799113
50	0	4347	1248	15.788	65.408	776.0	11.889	0.0003724124	5.7506795e-06	0.0032132766	0.97587603	0.0106270015	0.009905473
50	7	5114	493	15.264	61.911	701.0	57.995	6.293323e-06	6.0126405e-07	8.80635e-05	0.9848866	0.007085559	0.007932843
51	1	3851	2299	13.435	58.69	603.0	45.0	2.2069587e-05	2.2125062e-06	0.00016869385	0.9708527	0.0017969856	0.027157424
51	5	602	1336	13.601	62.642	667.5	16.928	5.55112e-06	2.6783857e-06	0.0004496294	0.98796904	0.0114216665	0.000151404
51	2	603	1438	15.572	55.933	629.5	47.726	4.9089304e-06	4.409871e-07	0.0001381371	0.90582335	0.0018172053	0.09221594
51	6	5002	833	13.928	61.465	661.5	67.62	2.076585e-05	7.488571e-06	0.0054972367	0.9714533	0.020873737	0.002147344
51	4	3993	2344	16.643	62.434	772.0	32.005	2.848719e-05	3.0209674e-06	0.0021700773	0.9862375	0.007862503	0.0036983625
51	3	4400	2494	14.705	64.809	723.5	36.027	1.812095e-05	1.3009749e-06	0.000295083	0.9905653	0.0039737173	0.005146513
51	0	4350	1222	16.031	65.376	764.0	5.711	0.00022129438	4.240929e-07	0.0016100538	0.9914214	0.0035122149	0.0032345937
51	7	5137	480	14.534	60.821	691.0	63.435	2.2653938e-05	4.35897e-06	9.944395e-05	0.86649996	0.102250576	0.031122962
52	5	583	1330	14.431	63.838	664.0	12.095	4.92481e-08	2.247289e-08	5.580209e-05	0.9997197	0.00020112495	2.3279592e-05
52	1	3867	2313	13.435	57.276	581.5	45.0	0.00031380792	3.7289377e-05	0.0015525874	0.8992318	0.04016459	0.05869984
52	4	3983	2364	16.808	63.423	780.5	22.62	0.00015448884	4.9524524e-06	0.003193946	0.9826354	0.007507223	0.006504015
52	6	5023	824	14.773	61.533	656.5	65.556	1.3304614e-06	4.611688e-07	0.00030322533	0.9942684	0.0052424697	0.00018403002
52	2	619	1421	14.849	57.276	631.5	45.0	1.1205781e-06	1.5953556e-07	0.00011915201	0.99761105	0.0011682947	0.0011003676
52	7	5160	470	14.773	60.624	655.5	65.556	3.8665507e-06	4.4397217e-07	3.443729e-05	0.98770744	0.009462993	0.0027908124
52	0	4352	1195	16.0	65.0	785.0	90.0	0.00018105122	1.9657327e-06	0.00012175472	0.87626165	0.0048785284	0.11855497
52	3	4385	2516	15.264	65.734	735.5	32.905	4.814587e-06	9.4460496e-08	2.3690887e-05	0.9982382	0.00021865286	0.0015144391
53	5	562	1324	13.946	66.832	679.5	15.255	8.74617e-07	1.2847471e-06	0.000128957	0.9908263	0.008959637	8.2973085e-05
53	1	3882	2326	13.2	57.812	573.0	40.601	4.0639155e-05	1.1118044e-05	0.0019058846	0.9927094	0.0040077614	0.0013250806
53	6	5043	814	14.534	61.719	662.5	63.435	7.199635e-07	1.3557573e-07	0.00040265173	0.9988072	0.0006314931	0.000157837
53	4	3975	2385	17.868	65.934	844.0	18.435	0.00019667055	7.913469e-07	0.0005674668	0.90124816	0.0021533198	0.09583369
53	2	637	1405	14.213	56.639	634.5	48.013	3.176207e-05	1.4475713e-06	0.00015545452	0.9384675	0.00056975294	0.060774196
53	3	4371	2538	14.327	65.125	696.0	28.61	2.1125888e-05	7.3437036e-06	0.00052422157	0.94056	0.056789316	0.0020980097
53	7	5186	462	14.866	61.984	691.0	71.565	3.531695e-05	4.123781e-06	0.0006536659	0.9435042	0.043708846	0.012093789
53	0	4352	1168	16.0	65.0	826.5	90.0	8.165652e-05	2.959192e-07	2.1331118e-05	0.33587697	0.005459272	0.6585604
53	10	4679	1215	15.532	42.027	408.0	88.315	0.000359385	0.00093096955	0.00064759364	0.00027803745	0.6394837	0.3583004
54	1	3899	2337	13.901	59.424	592.0	38.66	1.3672294e-05	1.3362855e-06	0.00022447635	0.99507105	0.0018093537	0.0028800967
54	5	540	1318	14.56	68.68	710.5	15.945	1.3073715e-06	6.40844e-07	0.00012691508	0.9961081	0.0034012436	0.0003618042
54	6	5063	805	13.416	59.034	628.0	63.435	3.1932746e-07	5.026004e-08	0.00013593184	0.9961979	0.00080106274	0.0028648705
54	2	655	1391	14.3	58.125	634.0	54.782	1.7296211e-06	7.3267927e-07	6.600856e-05	0.98453635	0.0078092525	0.0075859763
54	4	3966	2409	17.088	68.71	847.0	21.801	4.4489316e-05	9.895507e-08	0.00014127973	0.9952878	0.00023769702	0.0042886348
54	3	4360	2560	14.089	65.517	710.0	26.565	0.00034077183	3.5150042e-05	0.0037393658	0.78937125	0.16903661	0.037476845
54	0	4353	1142	16.0	63.0	804.0	90.0	0.0002794168	1.2731207e-06	0.0001025253	0.7888096	0.015035626	0.19577159
54	7	5212	455	14.916	63.423	677.0	75.964	2.4575247e-06	8.495015e-08	3.178468e-05	0.995884	0.0026542067	0.0014274409
55	1	3915	2349	13.901	59.601	604.5	36.87	0.00032405823	2.5483792e-05	0.0018328613	0.9451499	0.02122211	0.031445608
55	6	5082	796	14.116	58.637	614.0	66.038	1.3932506e-06	1.0556931e-06	0.00079311134	0.98703605	0.012057189	0.00011123217
55	5	519	1310	14.318	67.624	723.5	23.199	5.1159645e-06	2.5117824e-06	0.00013921689	0.9783649	0.019921988	0.001566202
55	2	675	1378	13.647	57.881	572.0	59.036	7.614332e-06	1.6048629e-05	8.002695e-05	0.36096215	0.6337848	0.005149364
55	0	4355	1117	16.125	64.498	785.0	7.125	0.0006912787	1.9187084e-06	0.000769326	0.9794703	0.0033578642	0.015709419
55	4	3955	2433	15.435	68.485	855.5	23.962	0.00012481294	2.2427387e-06	0.0001561409	0.6138334	0.009752025	0.37613133
55	3	4350	2584	15.811	66.129	739.5	20.556	1.9548363e-05	7.0753345e-07	0.00032765756	0.9786551	0.0047977935	0.016199194
55	7	5238	448	15.182	62.98	647.5	74.055	6.3598556e-05	4.7019103e-06	0.00067499914	0.39552677	0.58670145	0.017028462
56	6	5101	788	14.773	58.123	630.0	68.199	3.2111716e-06	7.1974245e-07	0.0014221523	0.9939658	0.004339152	0.00026900572
56	1	3933	2360	13.892	61.294	617.5	33.69	5.0681178e-05	1.0794073e-05	0.00035388436	0.9140718	0.077227116	0.008285671
56	5	498	1301	13.416	67.082	723.5	26.565	3.0808973e-05	3.780353e-05	0.0005520817	0.69645685	0.29185352	0.011068998
56	2	697	1366	13.647	56.385	565.5	61.189	5.1366376e-05	7.250483e-05	0.0006335813	0.6262181	0.36679417	0.0062304004
56	0	4359	1092	15.524	65.734	770.5	12.995	0.0009608666	2.7748416e-05	0.0119599225	0.96025974	0.01210631	0.014685452
56	4	3941	2455	15.264	67.742	818.5	30.964	0.0002079173	2.9938747e-06	0.00064744585	0.9396922	0.0070416415	0.05240767
56	3	4340	2608	15.435	64.018	736.0	23.962	1.7891409e-05	1.4707705e-06	0.00067978044	0.9762088	0.019770782	0.0033212483
56	7	5266	439	14.23	62.614	621.0	71.565	2.6382095e-05	1.2832279e-06	0.0001821264	0.022223465	0.9752235	0.0023432698
57	6	5121	780	13.928	58.31	625.5	68.199	1.539285e-05	1.3500498e-06	0.001662408	0.99416286	0.0032012754	0.000956793
57	5	479	1290	13.416	68.425	717.0	26.565	2.088311e-05	2.8883057e-06	0.00019604056	0.83225596	0.01426114	0.15326321
57	1	3951	2372	13.124	59.601	605.0	36.87	0.00013420453	8.274234e-06	0.00036928392	0.8575847	0.10178912	0.04011438
57	2	717	1357	14.089	55.231	586.5	63.435	2.8338377e-06	3.5286923e-06	0.00050912664	0.9785575	0.0199201	0.0010069465
57	3	4330	2630	14.577	62.502	731.5	23.199	0.00016600391	2.8946708e-06	0.0017075749	0.9886839	0.0031719753	0.006267629
57	4	3925	2476	16.401	68.411	827.0	37.875	0.0012639835	8.701535e-06	0.0007045481	0.78125316	0.0040413425	0.2127283
57	0	4365	1066	15.403	66.455	790.5	14.036	0.00014684448	2.0680818e-06	0.0008353023	0.96869	0.006078133	0.02424773
57	7	5292	430	13.463	61.28	604.0	68.749	1.4259933e-05	7.5407165e-06	0.0009809621	0.1328114	0.86523587	0.0009499254
58	6	5141	774	14.396	58.355	621.0	70.346	1.0543829e-06	1.43799905e-08	0.00011391893	0.99970275	0.00013543712	4.679091e-05
58	1	3969	2385	13.2	58.9	587.0	36.87	3.0738833e-05	2.3784909e-05	0.00034355314	0.04496889	0.9538121	0.0008209379
58	2	736	1346	14.422	54.083	585.5	56.31	7.2870666e-06	1.1584924e-06	0.0015038439	0.99698824	0.00050726207	0.0009920974
58	5	459	1278	14.327	68.719	724.5	29.358	9.926465e-06	7.8174475e-07	0.0001293444	0.99297285	0.00094557175	0.005941394
58	0	4371	1043	15.524	69.123	819.0	14.036	0.00011059348	9.866139e-07	0.0004481322	0.9875546	0.007091073	0.0047946246
58	3	4317	2651	14.983	64.176	707.5	26.565	9.355522e-06	6.070116e-07	0.00026853863	0.99204975	0.0033932594	0.004278441
58	4	3906	2494	16.971	67.882	841.0	45.0	1.7564553e-05	5.154308e-07	6.9874994e-05	0.97912484	0.0009212331	0.01986603
58	7	5316	419	12.298	62.163	592.0	63.435	6.151513e-06	5.0298195e-06	0.00023199046	0.38693336	0.6043799	0.008443534
59	2	752	1334	14.603	53.724	580.5	51.34	2.1692882e-05	1.479788e-06	0.0007723859	0.9885239	0.0027006238	0.007979772
59	6	5161	768	14.396	57.76	622.5	69.444	0.00012313605	3.2102191e-06	0.0006432129	0.9743011	0.01899257	0.005936763
59	1	3985	2399	12.806	59.816	567.5	38.66	3.9952836e-05	4.584592e-05	0.0007718592	0.2276955	0.7634931	0.007953785
59	5	441	1266	13.892	67.231	723.0	30.256	1.0187366e-05	4.6591697e-07	0.00010301109	0.9968574	0.00044923826	0.0025796206
59	3	4303	2672	15.116	64.207	705.0	33.69	9.761517e-05	7.0965802e-06	0.001727628	0.985579	0.0100604	0.0025283173
59	4	3887	2511	16.651	66.935	835.5	41.987	0.00011882591	1.6559779e-06	0.00051861815	0.985452	0.00083720364	0.01307178
59	0	4377	1017	16.008	68.551	812.0	12.529	8.7979424e-05	5.7718455e-07	0.0008650469	0.9939008	0.0018489673	0.0032966386
59	7	5340	406	12.971	59.785	573.0	60.255	1.0712462e-05	4.272191e-06	0.0005046402	0.54902315	0.43625602	0.014201185
60	1	4001	2412	12.806	60.308	570.0	39.806	0.000101578364	4.7356075e-06	0.0007221298	0.89034706	0.043953687	0.06487067
60	6	5183	763	14.705	59.609	633.0	71.565	5.545294e-06	1.7497874e-07	7.236479e-05	0.99758434	0.0006250393	0.0017126509
60	5	423	1253	15.264	65.863	736.5	29.745	7.1370357e-07	9.6309556e-08	5.1071125e-05	0.9994647	0.00019430694	0.0002891164
60	2	768	1318	14.142	53.038	571.0	45.0	0.000412012	1.6503976e-05	0.00094654824	0.5623956	0.01598603	0.42024332
60	4	3869	2528	16.711	69.421	861.0	38.157	1.7830301e-06	9.3799144e-08	5.118821e-05	0.9821536	0.00017447905	0.017618878
60	3	4287	2692	14.603	66.53	726.0	38.66	3.3116228e-06	2.2205604e-07	0.000115959905	0.9983651	0.0004568706	0.0010585245
60	0	4381	991	15.7	67.175	790.5	8.13	0.000191705	2.9084115e-06	0.0013543892	0.91715664	0.04037792	0.040916458
60	7	5363	391	12.903	60.337	581.0	55.008	4.6969628e-05	1.3725921e-05	0.0006051109	0.11526843	0.88145536	0.002610406
61	6	5203	758	14.318	59.666	617.5	77.005	4.8585753e-05	8.016618e-07	0.00015174357	0.9950059	0.0031968707	0.0015961283
61	5	405	1241	14.983	65.517	731.0	26.565	1.2748869e-06	9.676189e-08	8.071058e-05	0.99949634	0.00024541913	0.00017614376
61	1	4017	2426	13.124	59.835	585.0	41.987	5.4751217e-05	9.644544e-06	0.0003693315	0.94917744	0.040281557	0.010107285
61	2	784	1301	14.142	54.452	601.5	45.0	9.754226e-06	5.170733e-07	0.00019817027	0.89516175	0.00021270664	0.10441719
61	4	3853	2549	16.125	67.742	822.5	30.964	1.5103751e-05	4.8407054e-07	0.000120048106	0.9833614	0.0011083392	0.015394576
61	0	4383	965	16.0	66.0	797.5	90.0	0.00011072662	1.8828192e-06	0.0027441613	0.98320055	0.0052007805	0.008741869
61	3	4270	2712	15.305	65.827	735.0	38.66	2.877007e-06	1.9410308e-07	0.00017120907	0.9986671	0.00023577917	0.00092282845
61	7	5386	374	13.2	59.701	580.5	53.13	6.653645e-06	5.529699e-07	0.00012479315	0.9732722	0.017472215	0.009123492
62	5	387	1232	14.396	62.211	691.5	21.251	1.9913303e-05	1.1136122e-05	0.0003650285	0.9268326	0.072106205	0.0006651484
62	1	4032	2440	13.454	60.811	599.5	45.0	1.4096739e-05	1.7577762e-06	0.0002031998	0.9751931	0.012288145	0.012299787
62	6	5224	754	14.866	56.921	600.0	71.565	4.4674193e-06	7.407545e-07	0.0026023139	0.9915276	0.0050999904	0.0007649811
62	2	799	1285	14.142	55.866	620.0	45.0	3.6976733e-06	1.7311312e-07	8.643267e-05	0.9820078	0.00027365514	0.017628355
62	0	4384	941	16.0	65.0	812.5	90.0	0.00029961322	3.1721515e-06	0.00019775852	0.5003403	0.007864194	0.49129495
62	3	4253	2733	14.422	64.07	704.5	33.69	1.2097591e-05	9.1120836e-07	0.00014730041	0.9953367	0.0038216258	0.00068143965
62	4	3839	2574	16.553	71.176	842.5	24.444	2.334953e-05	3.1127393e-06	0.0005757012	0.963516	0.032810457	0.003071475
63	5	369	1224	14.23	62.614	685.5	18.435	3.1952212e-07	2.3459191e-07	7.320522e-05	0.9980513	0.0018531248	2.1814136e-05
63	1	4048	2455	13.435	58.69	587.0	45.0	0.00010155326	3.062592e-06	0.00020292947	0.8796468	0.015139923	0.10490574
63	6	5247	748	13.601	59.203	607.5	74.055	3.7605193e-06	2.7360306e-07	0.0006264408	0.9958449	0.0032016602	0.00032292155
63	2	817	1268	14.534	56.349	613.5	48.814	2.332808e-05	9.970752e-07	0.00017913274	0.949105	0.0024229405	0.048268575
63	0	4385	917	16.0	65.0	818.0	90.0	0.00019985574	1.4155793e-06	0.00013816763	0.77823955	0.010081252	0.21133974
63	3	4236	2760	14.151	67.166	720.0	29.745	7.2005605e-05	3.0291374e-05	0.0017164472	0.60745233	0.38816914	0.0025598425
63	4	3823	2606	16.621	71.339	875.0	20.556	0.00015312452	1.3294645e-06	0.00026741758	0.9561658	0.008049104	0.035363223
64	1	4062	2468	13.435	57.276	587.5	45.0	0.00032240775	1.780137e-05	0.0010074504	0.8922554	0.03763745	0.0687595
64	5	349	1217	14.396	64.353	696.5	18.435	2.545061e-05	1.2877265e-05	0.0019705985	0.9769438	0.020790273	0.00025703764
64	0	4386	894	17.029	63.127	810.0	3.366	3.6389665e-05	1.5199265e-06	0.00038364177	0.9801562	0.005316263	0.014106026
64	2	835	1254	13.601	57.428	620.5	55.008	1.2463107e-05	3.759911e-06	0.00045857124	0.924	0.00976321	0.06576198
64	6	5269	743	13.463	59.002	596.5	73.301	1.3606939e-05	1.0500604e-06	0.0019066125	0.9871925	0.009551464	0.0013347347
64	3	4221	2786	14.318	64.846	702.0	26.565	5.83372e-05	2.4371591e-05	0.0016554696	0.7288334	0.2643216	0.005106873
64	4	3811	2634	17.671	64.43	847.0	24.775	0.00032359106	1.2114082e-06	0.0014389075	0.92348164	0.0030878496	0.071666755
65	1	4078	2481	13.086	56.305	569.5	41.634	0.0006062067	0.00010482731	0.0015261059	0.8256446	0.07017791	0.10194037
65	5	328	1211	14.705	66.882	723.5	18.435	4.431446e-08	8.903251e-09	1.4026585e-05	0.9998671	0.00010788975	1.0952581e-05
65	0	4391	872	16.492	62.817	766.0	14.036	0.0011367719	2.4189945e-05	0.012252475	0.9573835	0.015325324	0.013877664
65	6	5290	737	13.124	58.977	598.0	71.565	0.00047492198	4.2261065e-05	0.0037613285	0.53928536	0.42085198	0.035584196
65	2	855	1242	14.089	57.502	609.5	61.189	8.0417635e-07	4.210086e-07	0.0004422823	0.9939966	0.0017289164	0.003830945
65	3	4210	2810	14.773	63.767	708.0	23.962	0.00037771135	3.5763394e-05	0.0048592826	0.59659606	0.39055705	0.007574184
65	4	3798	2657	16.56	63.026	807.0	30.964	0.00023851442	9.046879e-06	0.0052914997	0.9791741	0.010341094	0.004945665
66	1	4093	2492	13.793	57.682	571.0	42.709	6.039514e-05	1.5753016e-05	0.0013011686	0.97975016	0.016543372	0.0023290843
66	0	4397	851	15.811	65.192	777.0	20.556	0.00017128732	5.211267e-06	0.0025281596	0.9680015	0.016995162	0.012298709
66	5	307	1204	14.866	67.357	740.5	18.435	1.910793e-07	2.5819826e-08	2.3653502e-05	0.9995795	0.00030890477	8.781631e-05
66	6	5311	731	12.649	58.822	575.5	72.474	6.26493e-06	9.1918406e-07	0.0005662244	0.9863063	0.011114973	0.0020053685
66	2	875	1232	14.089	56.573	593.5	63.435	9.756541e-07	7.376692e-07	0.00032801952	0.9936845	0.005231597	0.00075419963
66	4	3783	2676	16.508	65.104	783.0	36.384	8.118432e-06	8.8434854e-07	0.00014935707	0.99221134	0.0016962184	0.0059341826
66	3	4198	2834	14.773	63.767	714.0	24.775	0.00023398017	9.708545e-06	0.002296631	0.9063036	0.07847271	0.01268342
67	1	4109	2504	13.901	57.404	587.0	37.875	8.9536145e-05	1.7907398e-05	0.00057658047	0.945243	0.030413734	0.0236593
67	0	4405	830	15.811	67.357	793.0	18.435	2.44984e-05	9.395155e-07	0.0011762698	0.99514574	0.0018576464	0.0017948952
67	5	286	1196	14.396	68.529	754.5	21.038	2.7114147e-06	1.0366836e-06	0.00021905272	0.99201435	0.007417242	0.0003456678
67	6	5332	724	13.285	57.554	554.5	71.565	1.7681583e-05	5.6894223e-06	0.0016937976	0.80443996	0.19284393	0.00099905
67	2	895	1222	13.865	53.444	582.5	63.435	9.7146874e-08	3.387183e-08	5.980074e-05	0.9994904	0.00030773523	0.0001418771
67	3	4185	2856	14.318	61.717	683.0	26.565	0.0002396192	3.3809953e-05	0.0024846538	0.635679	0.35303268	0.008530326
67	4	3763	2696	16.651	68.347	835.5	41.634	8.205675e-06	2.5485535e-06	0.00023241079	0.9827172	0.010006876	0.007032727
68	1	4124	2515	14.16	57.345	585.0	41.987	5.4541186e-05	6.8710115e-06	0.0009976282	0.987603	0.006640473	0.004697529
68	2	913	1211	13.892	52.479	575.5	59.036	9.7485545e-06	1.894219e-06	0.0025752834	0.9873741	0.0009345203	0.00910447
68	5	265	1186	13.416	66.189	728.0	26.565	4.6743913e-05	3.9108795e-06	0.00044421986	0.96762675	0.018079432	0.013798966
68	0	4413	807	16.447	69.588	822.0	19.983	0.00025029382	2.6105772e-05	0.009338198	0.91329515	0.06106313	0.016027132
68	6	5354	717	12.748	60.27	564.0	66.801	1.0008598e-05	3.5421974e-06	0.0009601037	0.974452	0.024138747	0.00043566784
68	3	4170	2877	14.151	63.097	669.5	33.69	0.00013389657	4.3562336e-06	0.00044928206	0.9500496	0.026609508	0.022753453
68	4	3744	2716	15.62	70.434	830.5	39.289	4.553038e-06	1.4439472e-07	6.0272552e-05	0.99679035	0.000171332	0.002973286
69	1	4141	2526	14.213	57.201	580.0	36.87	5.0607952e-05	7.2280845e-06	0.001339324	0.9917727	0.005377997	0.0014521237
69	2	930	1199	14.213	51.088	571.0	49.764	6.648353e-05	2.3301495e-06	0.0012520605	0.97828156	0.0027143871	0.017683197
69	6	5374	709	13.928	58.523	553.0	70.017	5.4084995e-07	1.2584593e-06	0.000113152026	0.9672723	0.03248742	0.0001253369
69	5	246	1175	14.534	66.635	746.5	26.565	3.9082195e-05	1.3581173e-06	7.22521e-05	0.58143187	0.003743763	0.4147117
69	0	4421	783	15.338	70.066	810.5	16.699	0.0010303903	3.7353464e-05	0.006755039	0.7879619	0.13135709	0.0728582
69	3	4154	2897	15.0	64.031	700.0	38.157	2.0651776e-05	5.906631e-07	0.00034773254	0.99765766	0.00062902755	0.0013443931
69	4	3725	2739	15.532	70.308	821.5	33.69	4.106863e-07	9.109584e-08	1.5897218e-05	0.9990502	0.0006739336	0.00025936827
70	1	4156	2538	13.601	57.689	576.0	33.69	4.9057795e-05	2.421616e-06	0.0004459151	0.95488083	0.0070960983	0.037525706
70	2	945	1184	15.207	51.296	580.0	46.975	0.0006370135	1.1619047e-05	0.00089391775	0.5553922	0.003922869	0.43914238
70	5	227	1163	15.207	66.882	747.5	28.072	1.6834876e-05	5.8167933e-07	0.00015398432	0.9930254	0.0006619285	0.0061412603
70	0	4427	758	15.403	67.67	793.5	14.036	0.0008551656	2.6633057e-05	0.0026680776	0.87402594	0.030013032	0.09241111
70	3	4137	2917	14.534	65.683	703.0	39.806	1.138067e-05	1.1361469e-06	0.00026241023	0.9907733	0.005559937	0.003391818
70	4	3711	2763	14.983	69.989	802.5	26.565	4.9511942e-05	5.900216e-06	0.0002993445	0.9116842	0.024782524	0.063178554
71	1	4172	2549	12.207	58.249	568.0	34.695	5.1845134e-05	1.5232436e-06	0.00039732983	0.9892926	0.0019258441	0.008330799
71	5	209	1152	14.765	64.846	748.5	26.565	1.2553453e-05	2.2530455e-07	8.408092e-05	0.99756634	0.000189849	0.0021468697
71	2	961	1167	14.142	52.326	571.0	45.0	4.8593105e-05	2.2071033e-06	0.001155605	0.86870635	0.0012132103	0.12887415
71	0	4431	734	15.788	67.98	789.5	9.462	6.879812e-05	1.7526445e-06	0.0018056707	0.9876178	0.0051395153	0.0053664926
71	3	4120	2937	15.0	64.405	721.0	36.87	0.00022851425	2.6583952e-05	0.0016851682	0.6506163	0.32795346	0.019489946
71	4	3700	2789	15.811	69.57	817.5	18.435	0.00036635267	1.38955465e-05	0.001711746	0.91102433	0.027505672	0.05937804
72	5	192	1141	15.652	62.61	736.0	26.565	3.120955e-05	1.5550002e-06	0.0011873287	0.9955903	0.002618954	0.000570633
72	1	4188	2561	12.619	57.142	563.0	34.509	6.79837e-05	7.5360367e-06	0.0017182385	0.96155703	0.020947421	0.015701823
72	2	976	1150	14.849	54.447	613.0	45.0	7.839872e-06	2.056508e-06	0.0024337892	0.9504416	0.0012311274	0.0458836
72	0	4433	710	17.066	68.857	832.0	5.711	0.00025857074	4.7333262e-05	0.012161296	0.87635475	0.103832744	0.0073452457
72	3	4106	2958	14.603	63.9	699.5	36.87	4.2857806e-05	9.126472e-07	0.0001998556	0.9829449	0.0051276768	0.011683829
72	4	3691	2814	15.811	67.067	822.5	19.654	0.0006127175	3.0748051e-06	0.001530025	0.96558094	0.00967554	0.022597726
73	1	4202	2572	13.314	57.273	558.0	34.38	1.057111e-05	1.5554143e-06	0.0004617348	0.99499834	0.0031814964	0.0013462884
73	5	174	1132	15.232	62.394	746.5	21.801	1.4938065e-05	6.6615814e-07	0.00062095345	0.99630094	0.0016802808	0.0013821566
73	2	994	1134	14.866	55.973	651.5	48.814	2.1083826e-05	9.740689e-07	0.00035805523	0.9772167	0.0004772517	0.02192594
73	0	4436	685	16.621	67.537	848.5	7.125	7.680969e-05	8.2489277e-07	0.0024761187	0.9936785	0.0012290851	0.0025386775
73	3	4092	2980	15.008	64.57	695.0	30.964	1.3318574e-06	1.2474733e-06	0.00015359101	0.992224	0.0075260904	9.3612936e-05
73	4	3683	2837	16.155	62.769	791.5	23.199	0.00023446542	8.643179e-07	0.0014961489	0.9924238	0.0002975799	0.0055472036
74	5	156	1124	15.811	61.033	721.0	18.435	3.346954e-05	6.2031006e-07	0.0011351283	0.9963033	0.0016074406	0.00092011754
74	1	4217	2584	13.901	58.019	578.0	38.66	3.72333e-05	8.548828e-07	0.0001883547	0.9932423	0.0028933114	0.0036379015
74	4	3672	2857	16.125	61.294	769.0	28.61	0.000112737755	1.5433012e-06	0.0011927222	0.9970701	0.0004005681	0.0012223029
74	2	1013	1119	15.403	56.58	624.0	56.31	3.3081292e-06	2.1007574e-07	8.50454e-05	0.9813689	0.0006655677	0.017876921
74	0	4439	661	17.263	66.098	861.0	10.305	0.0012939341	1.635821e-05	0.0029930864	0.9681429	0.005336084	0.022217616
74	3	4080	3002	14.765	65.765	718.0	28.301	1.4592973e-06	3.764514e-07	4.708399e-05	0.98832303	0.007951205	0.0036768995
75	1	4232	2595	13.454	58.138	583.0	40.601	2.4681842e-05	3.2224837e-06	0.00035882648	0.99150085	0.007447452	0.0006649572
75	5	136	1118	15.524	61.4	731.0	15.945	2.3975976e-05	1.776658e-07	0.0006780995	0.9967618	0.0008885218	0.0016473845
75	0	4444	638	16.492	65.97	824.0	14.036	0.0007883586	5.868389e-05	0.014927497	0.959007	0.013958727	0.011259831
75	2	1033	1107	14.327	54.829	602.5	60.945	2.0314712e-05	7.1031836e-06	0.0017796531	0.97805583	0.016856136	0.0032809165
75	4	3657	2876	16.101	64.601	777.5	36.87	1.6445638e-06	2.1457552e-07	0.00016972389	0.99924374	0.00036261027	0.00022201029
76	5	117	1112	16.14	62.31	758.5	17.103	1.595554e-06	4.305812e-09	3.3653138e-05	0.9995975	2.7206632e-05	0.00034010303
76	1	4247	2608	13.435	55.861	564.5	45.0	6.768791e-05	3.5810624e-06	0.00020611889	0.95681757	0.008759638	0.034145366
76	2	1052	1097	15.652	53.666	611.5	63.435	2.735212e-06	2.0470996e-07	0.000606985	0.9987141	0.0004730918	0.00020286131
76	0	4452	615	15.977	67.884	822.0	19.983	0.001049074	0.00011779076	0.008566895	0.6790862	0.2189197	0.09226038
76	4	3639	2895	17.029	68.68	831.0	41.987	1.4100982e-05	1.8386332e-06	0.0005103936	0.9948402	0.0027955074	0.0018378086
77	1	4262	2620	13.124	56.349	574.0	41.186	0.0002681055	8.219507e-05	0.002117995	0.72885555	0.23682652	0.03184963
77	5	97	1107	15.811	63.246	788.0	18.435	8.730179e-06	4.578089e-08	7.623182e-05	0.9973711	0.00044641574	0.002097429
77	2	1072	1086	15.652	50.99	609.0	63.435	2.702528e-05	1.2240738e-06	0.0019316943	0.98925203	0.0022002526	0.0065878094
77	0	4461	592	15.977	68.478	820.0	19.44	0.0013544299	0.00034239487	0.020294754	0.6588615	0.27789962	0.041247275
77	4	3620	2917	15.7	71.137	852.0	38.66	2.9688954e-06	2.8306158e-07	0.00011302818	0.99579084	0.00023899604	0.0038538913
78	1	4276	2631	13.829	54.893	573.0	41.634	7.5905606e-05	1.1935075e-05	0.0014269399	0.95258737	0.00898674	0.03691113
78	2	1088	1075	16.101	49.601	594.0	53.13	1.3008847e-05	2.4081464e-06	0.010317152	0.9664051	0.0018140273	0.021448236
78	5	75	1101	15.811	63.246	774.5	18.435	2.1459744e-05	9.58187e-08	0.00017467966	0.9991198	0.00022847384	0.000455435
78	0	4470	569	16.155	71.309	842.5	22.62	0.00014235562	2.0891554e-05	0.002712558	0.86053044	0.12036132	0.016232464
78	4	3602	2940	15.532	71.772	845.0	30.964	1.5858613e-07	4.8262915e-08	2.5220093e-05	0.99949956	0.00025181053	0.00022324329
79	10	4681	1190	15.532	42.027	411.5	88.21	0.00086581806	0.00058544474	9.259839e-05	8.674272e-06	0.43133053	0.56711686
79	1	4290	2642	13.829	54.993	558.0	39.806	0.00013022692	4.5281744e-05	0.003886414	0.9308151	0.062429257	0.0026937944
79	2	1102	1062	15.556	49.497	585.0	45.0	2.3859091e-05	1.9826443e-06	0.0010228087	0.8283855	0.0019098598	0.16865607
79	5	55	1093	15.232	63.159	764.0	23.199	0.00015563545	2.083596e-06	0.000868452	0.98000735	0.009249976	0.009716536
79	0	4478	545	16.286	69.73	851.0	18.435	0.00017491115	1.0494879e-05	0.009128651	0.9547531	0.027425634	0.008507166
79	4	3588	2965	15.435	71.135	819.0	24.444	6.309904e-06	7.4996484e-07	6.4866676e-05	0.96951014	0.006285008	0.024132969
80	1	4304	2653	14.534	54.289	571.5	39.806	7.078025e-05	3.2783668e-05	0.0050993133	0.92079914	0.07253279	0.0014651867
80	2	1116	1046	15.24	50.658	601.0	41.634	0.00027275286	1.4061628e-05	0.0026384974	0.5085046	0.008547163	0.48002288
80	0	4484	521	14.318	70.093	819.0	14.036	0.00015965047	9.237978e-06	0.0014133285	0.9905902	0.003987834	0.0038398162
80	4	3578	2990	16.14	69.588	822.5	17.354	5.649702e-05	2.8602738e-06	0.00047533677	0.97486466	0.016692877	0.007907779
81	1	4320	2663	14.705	55.626	567.0	34.992	4.7171834e-05	8.60367e-05	0.0019638294	0.47282612	0.5239374	0.0011393414
81	2	1130	1029	15.945	52.118	621.5	41.186	1.3521037e-05	1.7289569e-06	0.00399793	0.98602784	0.0011683652	0.008790612
81	0	4489	496	15.788	70.308	844.0	11.31	0.00012980789	1.13835695e-05	0.0024289882	0.9593605	0.025254648	0.012814591
82	1	4336	2674	14.422	55.758	569.0	32.471	8.296465e-05	9.681432e-06	0.0016378611	0.9123407	0.07964788	0.00628095
82	2	1145	1013	15.556	51.624	638.5	45.0	0.00029677595	6.9449948e-06	0.002569537	0.8450302	0.001481919	0.15061465
82	0	4493	471	17.183	69.543	846.0	9.462	4.6664696e-05	1.8464253e-06	0.0017688896	0.99170715	0.0028835067	0.0035919407
83	10	4682	1186	15.532	40.028	423.0	88.21	1.5251652e-05	6.3648718e-06	4.0835566e-06	5.590428e-05	0.43005875	0.5698597
83	1	4352	2685	14.151	55.886	581.5	33.69	2.358521e-05	2.4554915e-06	0.0009434714	0.9886968	0.0058038514	0.004529749
83	2	1161	996	16.008	54.353	641.0	50.711	8.9000075e-08	5.1676654e-09	1.7084618e-05	0.99971205	2.7142365e-05	0.00024357713
83	0	4496	447	16.279	69.051	867.5	10.008	9.445856e-05	5.423044e-06	0.006211207	0.98215187	0.0029062298	0.008630835
84	10	4681	1185	17.0	43.0	421.0	90.0	0.0003524435	0.00065815507	0.00016483631	5.776526e-06	0.1431681	0.8556507
84	1	4366	2695	14.422	57.689	576.5	33.69	6.2737064e-07	2.8127943e-07	9.843006e-05	0.99780935	0.0020080735	8.333002e-05
84	2	1179	982	14.705	53.668	626.0	56.31	2.069564e-05	7.895664e-07	0.00029029622	0.9791824	0.0053624483	0.015143313
84	0	4500	421	16.771	67.367	849.5	11.31	7.198454e-05	1.2874885e-06	0.0011725076	0.9917813	0.0007778031	0.006195176
85	10	4682	1183	16.0	43.0	435.0	90.0	0.00038604732	2.9901536e-05	8.764988e-05	3.981315e-05	0.87215054	0.12730606
85	1	4382	2705	13.73	56.996	585.5	33.69	6.185921e-05	1.3188289e-06	0.00033177546	0.95866925	0.0012265419	0.039709218
85	2	1199	970	15.264	54.203	646.5	60.255	1.6624782e-06	2.2252387e-07	0.00083423825	0.9963542	0.000743652	0.0020659205
85	0	4506	397	15.89	68.516	854.5	14.036	0.0007163255	5.7929665e-05	0.015560084	0.9063795	0.021999056	0.055287056
86	10	4682	1182	17.029	45.044	428.0	88.21	0.006841432	0.02198825	0.0020667552	4.291703e-05	0.6484687	0.32059202
86	1	4397	2716	14.422	57.689	588.5	33.69	2.3625744e-06	1.685546e-07	2.81835e-05	0.9985556	0.0010907903	0.00032288313
86	2	1219	959	14.318	55.902	652.5	63.435	3.115399e-06	1.4958678e-07	0.00040092444	0.9982298	0.0005015936	0.0008645581
86	0	4513	373	15.811	69.57	821.0	18.435	0.00017935406	1.3898076e-05	0.0064653326	0.96309894	0.019289147	0.010953364
87	10	4682	1181	17.029	45.1	451.5	86.73	5.3175254e-06	1.762184e-06	6.8261284e-07	2.5606772e-07	0.34533444	0.65465754
87	1	4412	2728	14.422	55.803	596.5	35.538	2.0706544e-05	6.175256e-07	5.1667936e-05	0.9555134	0.0013466432	0.04306703
87	2	1240	948	15.652	55.902	677.5	63.435	3.3285228e-06	6.378786e-07	0.0008215288	0.9943605	0.0010132929	0.003800731
87	0	4522	350	15.811	69.893	831.5	18.435	7.8962046e-05	5.814564e-06	0.001046363	0.95413977	0.031139407	0.0135897035
88	10	4682	1180	18.0	44.0	457.5	90.0	0.00046696517	0.0004042654	2.277412e-05	9.4052467e-07	0.0022098066	0.9968952
88	1	4427	2740	14.866	55.154	613.5	45.0	0.0007459049	3.6207926e-05	0.002362122	0.6540285	0.059028223	0.28379908
88	2	1260	934	16.101	56.207	668.5	53.973	7.2312287e-06	6.490126e-07	0.0015498066	0.9915098	0.00076996925	0.0061626653
88	0	4532	326	15.977	70.995	852.5	18.435	0.00017736315	3.1329873e-05	0.002188536	0.7171815	0.25072724	0.029694095
89	10	4683	1179	16.031	44.102	478.5	86.532	0.006927628	0.002077465	0.0007937461	0.00015318595	0.33670816	0.65333974
89	1	4442	2751	14.534	54.187	606.0	41.634	0.00022211063	2.3209086e-05	0.0011835805	0.7272168	0.015734134	0.2556201
89	2	1278	919	15.62	55.317	671.0	48.814	0.00047880143	1.4137095e-05	0.0015786674	0.42395416	0.032990947	0.54098326
89	0	4540	302	15.811	71.169	848.0	17.526	0.00019649329	1.8986831e-05	0.004985322	0.863275	0.10278577	0.028738478
90	10	4683	1178	17.529	46.024	466.5	88.363	0.0001254645	5.0361352e-05	2.7712272e-06	6.0964055e-08	0.010054612	0.9897668
90	1	4455	2762	14.916	51.928	590.5	38.66	0.00021023404	4.8121372e-05	0.007178442	0.9255783	0.06229792	0.0046870117
90	2	1294	901	14.849	54.447	633.5	45.0	0.00022668834	4.4273634e-06	0.00068202487	0.8348582	0.0022499675	0.16197875
90	0	4546	278	15.89	68.516	831.0	14.036	0.00086874986	0.00017053858	0.03131238	0.9060839	0.048174474	0.0133899525
91	10	4683	1177	16.031	46.098	463.5	86.73	3.7740654e-06	2.9449788e-07	1.4121851e-07	9.488071e-08	0.0014467624	0.9985489
91	1	4469	2772	15.24	52.738	599.0	42.274	0.00016248532	1.1729542e-05	0.0032227002	0.9899743	0.0025249398	0.004103795
91	2	1308	883	15.62	52.498	613.5	40.236	0.0005289661	8.890929e-06	0.0036017983	0.9209189	0.0049096607	0.07003179
91	0	4550	253	16.378	69.147	836.5	12.529	2.076485e-05	1.2440393e-07	0.00040322912	0.9970656	9.9040226e-05	0.0024112242
91	11	5376	1193	16.919	54.233	655.0	71.565	1.4581966e-06	5.55778e-08	0.0009998927	0.99859005	0.0002566743	0.00015186623
92	10	4682	1176	17.529	46.024	477.0	88.264	0.0028294323	0.0053342883	0.00036842917	4.6063883e-06	0.54449815	0.44696516
92	11	5359	1201	15.692	54.966	656.0	68.199	2.7800718e-06	2.0036855e-07	0.0021630274	0.9963082	0.0011346577	0.00039113933
92	1	4482	2782	15.945	52.775	616.0	41.186	0.00014193317	8.993597e-06	0.0017977386	0.97478104	0.018763484	0.004506873
92	2	1321	867	16.263	48.79	596.5	45.0	0.00011050848	4.160099e-06	0.0011609653	0.9279914	0.010096593	0.060636304
92	0	4554	230	17.263	69.721	859.5	8.746	0.0008642277	1.9408384e-05	0.0055342307	0.9666563	0.019686105	0.007239707
93	10	4683	1175	16.53	44.026	469.0	88.315	7.038423e-06	5.03649e-06	1.4907486e-06	4.962077e-06	0.050053187	0.9499282
93	1	4496	2792	16.508	52.312	628.5	35.538	0.00081880623	3.4613728e-05	0.007549058	0.9523076	0.004820818	0.03446915
93	2	1335	854	15.62	47.011	561.5	51.34	0.0007874987	1.7932824e-05	0.0068205325	0.9617906	0.008566694	0.02201675
93	11	5340	1210	16.621	57.76	711.5	69.444	1.4331584e-06	4.670952e-08	0.00037441516	0.9992797	0.00024766725	9.6845826e-05
93	0	4557	205	16.125	68.593	853.5	7.595	2.4506266e-05	3.412988e-07	0.0005051182	0.9920128	0.00111059	0.0063465987
94	10	4683	1174	17.529	44.026	444.5	88.315	4.9042283e-06	4.4879184e-06	5.2880773e-07	7.718871e-08	0.0031972514	0.99679273
94	1	4510	2802	15.811	52.202	625.0	36.87	0.00026246993	6.339399e-06	0.0023799175	0.9692393	0.0022303113	0.025881682
94	2	1351	842	15.264	49.396	562.0	57.995	3.6521385e-06	1.1355766e-07	8.7930806e-05	0.9991394	0.00041531294	0.00035356733
94	0	4562	181	17.357	67.759	861.0	11.31	0.0005193872	1.32093e-05	0.00425814	0.97096056	0.00556905	0.018679753
94	11	5319	1216	16.14	59.552	731.5	74.745	0.00013116901	8.375145e-07	0.0013488316	0.97948724	0.003944391	0.01508756
95	10	4684	1172	15.532	41.076	408.0	86.82	2.1796404e-05	8.652429e-07	1.7334052e-06	4.1541065e-07	0.1304349	0.86954033
95	1	4525	2813	15.264	53.0	629.5	31.608	0.00019153126	3.7224816e-06	0.0006121622	0.96367604	0.0074598677	0.028056728
95	2	1371	831	14.534	53.219	579.0	63.435	3.55922e-06	1.7105172e-07	8.7228436e-05	0.99712294	0.0010868133	0.0016992572
95	0	4568	158	16.763	69.921	835.5	16.699	0.000102599595	2.024772e-06	0.003617909	0.9872837	0.0067200363	0.0022737642
95	11	5298	1220	17.117	57.428	756.0	83.157	0.0007850821	1.223108e-07	0.00048666753	0.992923	0.0011869528	0.0046181194
96	1	4539	2823	15.532	53.668	627.5	33.69	0.0007045152	1.2463385e-05	0.001906889	0.828866	0.01462174	0.15388842
96	0	4577	135	15.811	69.57	813.0	18.435	0.00017477614	1.9338953e-05	0.0028980507	0.92782205	0.05068393	0.018401878
96	2	1392	819	14.534	55.455	607.5	63.435	3.1980624e-06	1.0917853e-06	0.00041104274	0.98996943	0.0045960075	0.005019304
96	11	5277	1221	17.0	55.0	758.5	90.0	0.010887722	3.200909e-08	0.00035866076	0.9090545	0.0039888746	0.07571016
97	1	4553	2834	15.7	52.901	616.5	36.87	0.00019569244	8.336614e-07	0.00011022638	0.6910143	0.002235094	0.3064438
97	0	4586	112	16.553	71.176	839.5	23.962	0.0001539007	0.00015129379	0.0040520784	0.5191597	0.46443656	0.012046498
97	2	1412	805	14.009	56.323	604.5	54.462	0.00016600339	5.067172e-06	0.00047012925	0.96852946	0.0102498755	0.0205794
97	11	5257	1219	20.1	54.231	805.0	5.711	2.748977e-05	8.0560596e-08	0.00025421858	0.99900573	0.00039795646	0.00031457224
98	1	4567	2845	15.62	54.037	641.0	38.66	0.00010914574	8.312291e-07	0.00016353745	0.9155974	0.0010325108	0.08309663
98	2	1429	789	13.435	55.861	600.5	45.0	0.00046125703	1.2761763e-05	0.00089824566	0.41661665	0.004871515	0.5771396
98	0	4595	89	16.286	70.677	836.5	18.435	4.5395052e-05	2.9244097e-06	0.0012562702	0.98140234	0.01432786	0.002965263
98	11	5238	1217	18.0	53.0	759.0	90.0	0.0015796956	2.1743417e-06	0.00024310402	0.98759335	0.001918258	0.008663501
99	1	4580	2857	16.401	53.6	648.5	36.87	3.9353254e-05	4.913959e-08	1.7183886e-05	0.99341005	0.00024142384	0.0062920223
99	2	1444	771	13.829	56.403	591.5	40.236	0.0005479989	2.5137606e-05	0.0015195212	0.72712976	0.027877744	0.24289988
99	0	4602	66	15.66	70.123	831.0	15.945	0.00035120093	5.2730907e-06	0.0010035955	0.7887216	0.009170283	0.20074804
99	11	5219	1218	17.0	57.0	763.0	90.0	0.0017644466	6.909385e-07	0.0002389746	0.99186593	0.0025866744	0.0035431813
100	1	4593	2869	16.279	52.326	664.0	45.0	8.8558736e-05	4.420671e-06	0.0009770583	0.46270022	0.0019868931	0.53424287
100	2	1457	753	14.213	54.818	578.5	38.66	0.0014545326	6.8661764e-05	0.003956123	0.82584816	0.06765796	0.101014614
100	11	5197	1221	17.263	62.968	791.0	79.695	7.736029e-06	1.0548118e-08	5.7216275e-05	0.9997242	8.11266e-05	0.00012965157
101	1	4606	2881	16.263	50.205	654.5	45.0	0.011323706	6.114693e-05	0.0067331265	0.17985226	0.010155749	0.79187393
101	2	1469	736	14.534	50.707	558.5	40.601	0.0006633034	1.0904791e-05	0.00088488206	0.8769022	0.0069931378	0.11454557
101	11	5176	1227	16.867	60.037	764.5	77.471	7.78189e-05	2.4703672e-07	0.0006565676	0.9970927	0.00083425926	0.0013384223
102	1	4618	2892	16.971	49.497	647.0	45.0	0.0010919564	3.2576238e-05	0.01917574	0.90440035	0.0075291726	0.06777025
102	2	1482	723	13.454	49.497	519.5	45.0	2.0253024e-06	1.6944361e-07	9.885269e-05	0.9991327	0.00023770654	0.00052867725
102	11	5153	1233	16.492	58.694	743.0	75.964	1.0706788e-05	3.366037e-08	5.8088546e-05	0.9978497	0.0008636237	0.0012179452
102	12	1379	2982	16.651	71.171	903.0	41.634	4.2901024e-06	2.170276e-07	6.6158165e-05	0.98388493	0.00019747885	0.015846882
103	1	4629	2903	17.692	49.497	675.5	45.0	0.011300817	5.003041e-05	0.004247563	0.58941406	0.053452715	0.34153488
103	2	1498	711	13.038	50.478	512.0	56.31	1.5115076e-05	2.1616922e-06	0.00016621503	0.986112	0.008773702	0.0049307975
103	12	1405	2957	16.279	70.838	882.0	48.366	6.396761e-05	4.426605e-06	0.0001519614	0.83542717	0.015003689	0.14934886
103	11	5130	1237	17.0	57.0	733.0	90.0	0.001034215	7.669246e-07	0.0015711936	0.98621607	0.009049251	0.002128461
104	1	4641	2914	16.971	53.74	731.5	45.0	0.0008419234	1.8221132e-05	0.004663627	0.8071939	0.0037950415	0.1834874
104	2	1516	699	13.892	54.203	551.0	60.255	2.1413771e-07	1.04193816e-07	1.1359415e-05	0.99771	0.0020876313	0.00019068822
104	11	5109	1237	17.0	56.0	735.0	90.0	0.00012773153	1.8570341e-07	0.0009480748	0.9946585	0.0037087367	0.0005567078
104	12	1435	2934	16.225	74.607	897.0	56.31	2.5318802e-06	2.3528335e-07	4.141534e-05	0.9794195	0.00093678513	0.019599555
105	1	4656	2928	17.692	55.154	752.0	45.0	0.00064140465	8.759628e-05	0.005372423	0.34076938	0.052608293	0.6005209
105	2	1535	688	14.151	56.509	559.5	59.036	8.411773e-07	5.8692183e-07	5.3792195e-05	0.99170625	0.008075112	0.00016346229
105	11	5086	1235	19.164	58.2	823.0	8.746	0.0012738653	2.325076e-07	0.00015734887	0.98895556	0.005725115	0.0038878964
105	12	1471	2911	16.643	71.868	889.0	57.995	3.8941184e-06	5.954292e-07	0.00010586589	0.9905757	0.0064319423	0.0028820632
106	1	4670	2942	17.692	57.385	769.0	41.634	0.0019091778	4.7946534e-05	0.0073930803	0.5691469	0.051646646	0.36985627
106	2	1553	676	12.619	57.142	579.5	55.008	0.00020832094	4.7895423e-06	0.00031238337	0.9732255	0.0019141241	0.024334975
106	11	5064	1230	18.742	57.786	801.5	9.462	2.4398072e-05	5.2475926e-08	8.951516e-05	0.9994313	0.00027846222	0.00017628506
106	12	1502	2891	17.804	65.0	836.5	53.13	0.000361837	7.5604785e-06	0.0017454688	0.9235705	0.0022490134	0.07206558
107	1	4685	2957	16.971	57.983	743.0	45.0	0.00021654161	1.1251373e-05	0.0007466853	0.46635503	0.026547683	0.5061228
107	2	1572	661	12.42	58.577	565.5	50.194	6.807381e-05	3.0498004e-06	9.7172946e-05	0.9180571	0.0053372774	0.07643727
107	11	5041	1225	18.028	59.135	820.5	3.814	0.008831128	7.039576e-08	0.000110352456	0.98776966	0.0011869491	0.002101875
107	12	1528	2867	15.556	69.296	858.0	45.0	2.9408484e-05	1.2122888e-06	0.0001309992	0.8231156	0.0009328001	0.17579
108	1	4700	2972	16.971	57.983	751.5	45.0	5.2454605e-05	1.1049307e-06	0.00014699002	0.1724165	0.009913867	0.8174691
108	2	1588	645	12.379	57.639	557.5	46.332	0.0034647947	9.7823526e-05	0.0008021418	0.798181	0.03532511	0.16212906
108	11	5018	1222	17.529	61.1	801.0	3.013	8.411341e-05	8.929713e-08	1.3273992e-05	0.87468785	0.0024847735	0.122729905
108	12	1555	2836	17.029	75.166	922.5	40.601	1.459606e-05	6.8833214e-07	5.294065e-05	0.4746255	0.002204257	0.52310205
109	1	4714	2988	17.678	57.276	763.0	45.0	0.00016640015	3.9615593e-06	0.00042113432	0.67348087	0.0018921518	0.3240355
109	2	1602	628	11.314	57.983	545.0	45.0	2.2274928e-05	3.229935e-06	7.1799164e-05	0.9916009	0.0037929073	0.0045089377
109	11	4994	1222	16.0	60.0	768.0	90.0	0.010584123	1.8697361e-06	0.00022286702	0.927712	0.026051268	0.03542777
109	12	1585	2805	15.62	72.18	868.0	46.975	3.6203326e-06	7.425688e-07	0.000112110334	0.98119086	0.0015357917	0.017156996
110	2	1615	612	12.021	54.447	522.0	45.0	2.9951294e-05	3.521797e-06	0.0001713716	0.9930078	0.0010034303	0.0057838964
110	1	4728	3004	17.692	57.983	772.5	45.0	0.000102710575	2.5034774e-06	0.00049065496	0.8913962	0.0010448126	0.10696303
110	11	4970	1224	16.621	62.452	749.5	82.875	5.720485e-05	5.0370903e-07	0.00038546402	0.9915154	0.006150476	0.0018909691
110	12	1618	2781	15.264	73.498	838.0	56.31	2.5695016e-07	1.7874657e-07	3.098403e-05	0.99665004	0.0026996804	0.0006188505
111	2	1629	597	12.728	52.326	515.0	45.0	4.5939953e-05	1.4004442e-05	0.00058246317	0.98668927	0.011240755	0.0014275154
111	11	4947	1228	16.621	61.589	747.0	81.87	3.0058494e-05	4.6654637e-08	9.153071e-05	0.99810934	0.0015808641	0.00018819554
111	12	1654	2759	16.125	74.431	861.5	59.036	2.8486832e-06	6.4869187e-07	4.2581178e-05	0.9687676	0.024579544	0.006606748
112	2	1644	585	12.903	51.735	489.0	55.305	6.343268e-06	1.872546e-05	0.00015445206	0.83567023	0.15860964	0.005540684
112	11	4924	1231	16.07	59.802	723.5	84.289	7.0023154e-05	4.3961012e-07	0.00069769094	0.99415886	0.0046675964	0.00040536965
112	12	1688	2736	15.305	73.636	844.0	51.34	0.00018956594	8.418489e-06	0.000287788	0.86321336	0.0070136758	0.12928717
113	2	1661	574	12.619	53.593	493.0	59.036	1.4358429e-07	3.684127e-07	8.364445e-06	0.9849887	0.014554259	0.00044826747
113	11	4902	1232	16.0	57.0	709.0	90.0	0.00047522588	4.9052346e-07	0.000101141246	0.9824735	0.0029168862	0.014032789
113	12	1717	2709	14.849	72.832	813.0	45.0	2.8994491e-05	5.9621874e-07	5.0664556e-05	0.9396904	0.0019947377	0.058234576
114	2	1679	564	12.298	57.691	510.5	63.435	1.2904357e-07	4.155856e-07	6.0391194e-06	0.9734755	0.025934044	0.00058383244
114	11	4880	1229	17.183	58.2	742.5	9.462	1.8275963e-06	5.567436e-09	4.992822e-05	0.9995931	0.0002257228	0.00012950643
114	12	1743	2680	14.916	70.36	828.5	39.289	5.4019506e-06	4.985904e-07	9.725937e-05	0.9928231	0.0007311516	0.00634261
115	2	1698	553	12.083	57.245	532.0	63.435	1.3244528e-06	7.446268e-07	3.5796926e-05	0.9945754	0.0047656624	0.0006211613
115	11	4859	1223	17.464	59.666	779.5	14.036	6.876067e-06	2.83972e-08	0.00025814434	0.9991066	0.0002305805	0.00039786348
115	12	1769	2653	14.142	70.711	811.0	45.0	6.3989005e-06	7.057527e-07	3.2512322e-05	0.9535012	0.0036223556	0.042836923
116	2	1717	541	12.619	57.717	536.5	57.995	2.0931406e-05	1.7938796e-06	4.220328e-05	0.9198163	0.011730454	0.068388365
116	11	4836	1216	17.241	61.541	793.5	16.699	6.3756146e-05	4.7123024e-08	0.00012700494	0.9988527	0.00017486012	0.0007816057
116	12	1799	2631	14.841	71.002	781.5	56.31	1.061696e-06	4.5828975e-07	2.602205e-05	0.977767	0.018983506	0.0032220138
117	2	1735	527	12.42	60.127	545.5	51.34	0.00015363112	6.6038842e-06	9.074114e-05	0.91948956	0.0047422783	0.07551727
117	11	4813	1211	16.771	59.76	756.5	9.462	5.306459e-05	5.102906e-08	2.4329587e-05	0.9886325	0.0035034071	0.0077867233
117	12	1830	2612	15.008	71.772	821.5	59.036	5.8728183e-06	8.762544e-07	0.00019205932	0.9882173	0.004227822	0.0073561613
118	2	1750	511	12.042	59.397	541.0	45.0	5.8139623e-05	8.587854e-06	3.072896e-05	0.9498282	0.018464949	0.03160938
118	11	4790	1207	16.0	60.0	712.5	90.0	0.0021205598	1.2603431e-06	2.5342397e-05	0.16462512	0.1700146	0.6632131
118	12	1862	2592	14.705	71.8	799.0	53.13	0.00016121745	2.5192728e-06	0.00019287127	0.61845696	0.0073799863	0.37380645
119	2	1764	495	11.314	56.569	510.0	45.0	0.00021144662	1.447197e-05	0.00012045751	0.9784501	0.007223561	0.013979881
119	11	4766	1206	15.0	62.0	713.5	90.0	0.00076999085	8.5610276e-07	0.00020940634	0.71509135	0.26044616	0.023482187
119	12	1889	2567	14.142	70.711	794.5	45.0	0.0002634847	1.7919238e-05	0.00025548798	0.2274944	0.07523345	0.69673526
120	2	1777	479	12.728	54.452	523.0	45.0	5.9138652e-05	3.3750413e-05	0.00048367857	0.9401286	0.058687825	0.00060704444
120	11	4741	1208	15.532	61.345	728.5	83.66	7.867784e-05	6.883968e-07	0.00022893184	0.95539176	0.038847316	0.0054525947
120	12	1913	2540	14.534	72.858	814.5	39.289	1.8571436e-05	1.465294e-06	0.00011922473	0.9555068	0.008515746	0.03583822
121	2	1790	464	12.728	52.326	516.5	45.0	6.407202e-05	1.8696268e-05	0.00054879294	0.98601425	0.009347961	0.0040062508
121	11	4720	1210	15.628	61.345	672.5	83.66	0.00010195503	3.5660761e-07	2.360722e-05	0.26735654	0.3461965	0.38632098
121	12	1936	2512	15.24	69.096	796.0	41.186	3.9720267e-06	2.581618e-07	0.00012023302	0.99154	0.00022912116	0.008106394
122	2	1804	451	12.806	51.856	495.0	50.194	1.8653247e-06	4.6686678e-06	0.00011388005	0.98480946	0.014868547	0.0002015605
122	11	4696	1211	14.534	59.053	594.0	87.51	5.3571996e-05	7.150119e-05	0.0015404131	0.010609776	0.9758034	0.011921369
122	12	1960	2489	15.0	69.029	750.0	51.34	1.8851395e-06	5.0221485e-07	1.8457542e-05	0.9908263	0.003137489	0.006015388
122	13	1508	766	19.0	26.0	401.0	90.0	0.58645505	0.00044372748	0.002689105	0.027920969	0.002539837	0.3799514
