Frame	ID	CentroidX	CentroidY	Width	Length	Area	Angle	DIDnas	NONpro	PARbur	PARcau	SPIter	STEvir
21	0	4302	1954	14.637	64.701	700.0	8.13	2.3111745e-06	2.3747896e-06	0.0027341433	0.96349525	0.03350144	0.00026441657
21	1	3333	1868	15.0	60.216	631.5	35.538	2.1052738e-06	2.3561257e-07	3.4920997e-06	0.9585215	0.03762948	0.0038432723
21	2	51	1823	14.866	53.74	607.0	45.0	7.49023e-06	7.293446e-07	0.0003202794	0.97718096	0.0009594583	0.021531137
21	3	4760	1822	15.977	62.155	770.0	19.654	7.744332e-05	2.1042827e-06	7.615881e-05	0.9159109	0.006600841	0.07733253
21	4	4429	1695	16.763	68.68	870.0	15.945	6.236365e-06	9.784782e-08	4.103074e-06	0.9454583	0.00026098866	0.054270193
21	5	1199	1630	13.416	67.543	715.0	25.346	8.374666e-06	5.2341363e-07	3.1439864e-05	0.98058116	0.0056581884	0.013720312
21	6	4435	1117	13.416	54.562	548.5	63.435	7.596614e-07	4.482661e-07	0.0031846089	0.992927	0.0037951013	9.204467e-05
21	7	4438	862	14.866	64.444	707.0	48.013	1.7066952e-06	1.3888382e-07	6.016128e-06	0.9640946	0.0014848114	0.034412757
21	8	4870	256	16.492	60.877	722.0	14.036	2.6673773e-05	1.3706925e-06	1.27002e-06	0.96000093	0.0009291936	0.039040614
21	9	2220	157	13.657	62.901	651.5	23.962	3.370503e-05	2.3743823e-05	7.493714e-05	0.46274376	0.32293954	0.2141843
22	6	4452	1107	13.416	53.235	537.5	62.526	1.9339699e-05	6.195113e-06	0.0038922285	0.9726676	0.023122652	0.0002920504
22	5	1180	1619	13.647	67.166	703.5	29.745	2.448134e-05	1.0805682e-06	4.7239133e-05	0.956438	0.00044176975	0.043047417
22	1	3352	1882	14.3	59.3	634.0	36.87	3.6013873e-06	2.892706e-08	7.250093e-07	0.9932648	0.0038077852	0.0029229806
22	2	68	1806	14.5	54.829	606.0	43.264	2.570341e-06	3.0502687e-08	8.771719e-06	0.99325114	8.719438e-05	0.0066502187
22	9	2230	135	13.892	62.65	642.5	28.301	1.7482641e-06	2.3987187e-07	1.7954037e-06	0.9681092	0.012860268	0.019026775
22	0	4305	1930	15.133	63.64	692.5	8.13	6.8464476e-07	8.178038e-08	2.8743572e-05	0.99647444	0.0002328628	0.003263099
22	3	4752	1846	15.66	64.08	764.0	16.699	7.8578563e-07	3.7358078e-08	8.814683e-06	0.96667963	0.0007024633	0.032608382
22	7	4458	844	14.603	62.5	683.5	53.13	6.1419584e-08	1.2162353e-09	2.9618388e-07	0.99765885	9.93811e-05	0.0022413547
22	4	4422	1721	16.621	70.401	882.0	16.699	2.790717e-05	3.0787865e-07	8.682228e-06	0.84964025	0.0007214995	0.14960137
22	8	4896	264	15.508	59.519	695.5	21.038	0.0004367087	2.4752442e-05	0.00019095028	0.9269504	0.051253807	0.021143388
23	6	4468	1098	13.21	52.158	540.0	60.642	1.5329988e-06	2.2587928e-06	0.0017154878	0.9667959	0.030972071	0.00051270344
23	1	3369	1897	15.556	59.397	664.5	45.0	3.7348327e-06	5.675459e-08	3.874842e-05	0.99662113	0.0032469688	8.9339424e-05
23	5	1160	1607	13.892	67.742	709.5	30.964	3.3103852e-06	5.3636984e-07	0.00013458617	0.99537045	0.002417725	0.0020733294
23	9	2242	115	13.892	62.968	640.0	32.619	2.4964104e-06	1.1523624e-06	5.918193e-06	0.8684207	0.10739443	0.024175301
23	2	85	1791	14.16	55.933	624.0	48.013	7.0416854e-06	4.801717e-07	6.9434485e-05	0.9816124	0.002300303	0.016010337
23	0	4308	1907	15.033	61.131	698.0	3.814	6.7574996e-07	1.2280287e-08	1.063114e-06	0.99979836	3.458095e-05	0.0001653225
23	3	4745	1869	16.447	61.664	772.0	18.435	0.00015237294	1.0419212e-06	0.00015593595	0.9147702	0.0016342173	0.0832862
23	7	4478	829	14.151	59.785	669.0	57.724	2.6565533e-07	2.2615312e-08	2.7526446e-06	0.99564594	0.00279683	0.0015542471
23	8	4921	273	15.435	59.96	703.0	25.017	8.92259e-06	1.1513863e-07	7.669558e-06	0.99120224	0.00076668855	0.008014417
23	4	4413	1747	16.286	70.677	895.0	18.435	2.10034e-05	1.0499646e-06	7.561891e-05	0.96656376	0.004647756	0.028690748
24	6	4483	1088	12.971	52.595	517.0	60.945	5.6118756e-07	4.1027165e-06	0.0016352023	0.95932794	0.03865227	0.00037985726
24	5	1141	1594	14.983	66.412	707.0	26.565	4.6654524e-08	2.9968755e-10	5.2478686e-07	0.9998466	5.4644165e-06	0.00014731902
24	9	2256	96	13.314	62.018	641.5	35.538	1.9913465e-05	1.2012871e-06	4.4669514e-06	0.8779398	0.04282891	0.07920571
24	0	4310	1884	14.534	59.053	686.0	2.49	3.855973e-05	6.1197204e-07	6.579633e-06	0.9936661	0.0028227319	0.0034653884
24	1	3386	1914	14.866	59.397	670.0	45.0	2.4637873e-05	9.065929e-06	0.00020130386	0.91158545	0.07047494	0.017704716
24	2	104	1777	14.151	57.273	592.0	56.31	7.292165e-07	1.2485684e-07	3.0789462e-05	0.99496305	0.0026587348	0.0023466016
24	7	4499	817	14.534	59.927	655.5	63.435	7.435712e-08	2.6283452e-08	1.3652e-05	0.9959573	0.003246798	0.0007821187
24	3	4737	1892	16.919	61.215	753.0	19.654	4.7603855e-05	1.0216268e-08	1.8154367e-05	0.98588306	6.3928856e-05	0.013987203
24	8	4944	286	15.264	59.682	684.0	30.964	5.336039e-05	3.4890024e-07	9.357986e-07	0.65260476	0.0017529042	0.34558776
24	4	4402	1772	15.652	70.661	871.0	26.565	1.1756783e-06	1.121186e-07	4.3797863e-05	0.9952603	0.0009426139	0.0037520255
25	6	4500	1077	13.892	53.852	548.5	59.036	1.1020729e-05	7.2679086e-06	0.0027963372	0.9744017	0.021861741	0.00092195126
25	9	2270	80	14.534	60.583	636.5	41.186	6.540355e-08	1.7270226e-08	1.8501391e-06	0.99695385	0.0021844485	0.0008597513
25	5	1122	1582	14.765	65.765	705.5	28.301	1.4834318e-07	5.6062612e-09	1.9545443e-05	0.9997218	0.00019620341	6.229338e-05
25	2	124	1766	13.416	58.138	586.0	63.435	1.4979909e-07	6.575907e-08	3.060126e-06	0.9887544	0.007379737	0.0038625502
25	3	4728	1913	16.771	60.821	761.5	26.565	3.5286324e-05	1.1156294e-06	0.00012822694	0.9684987	0.0031537972	0.028182862
25	1	3403	1931	14.849	61.518	675.0	45.0	3.5263777e-06	3.968185e-07	1.2129996e-06	0.8259792	0.034401745	0.13961397
25	7	4522	808	15.232	62.241	692.5	66.501	2.9458135e-08	4.1499053e-09	3.2747455e-06	0.99969304	0.00012587686	0.00017782084
25	8	4967	302	16.508	57.311	705.0	35.538	2.7422955e-05	6.06539e-08	2.7319373e-07	0.45551062	0.00011718355	0.54434437
26	6	4516	1066	14.422	54.918	563.5	56.31	2.6267545e-08	8.287425e-09	6.586644e-05	0.99956673	0.00032385063	4.3562268e-05
26	5	1102	1572	14.577	64.222	694.0	24.444	5.4388047e-06	3.3071558e-06	0.00014819602	0.7191054	0.27577683	0.0049607316
26	9	2285	63	14.213	61.074	644.5	39.806	1.9459995e-08	2.493779e-09	4.3010733e-08	0.9970277	0.00026369054	0.0027084698
26	2	146	1756	13.416	56.798	571.0	63.435	7.6012407e-07	2.4331683e-07	2.9775463e-05	0.9953621	0.0037835191	0.00082369964
26	3	4716	1934	15.207	61.492	728.5	26.565	8.154851e-06	2.409189e-07	1.2840202e-05	0.89024353	0.0004618069	0.10927341
26	1	3421	1949	14.5	60.541	661.5	41.987	1.6067777e-05	4.8634865e-07	2.2302007e-05	0.90651494	0.0026916934	0.09075452
26	8	4987	316	16.125	56.436	694.0	29.358	0.00034367313	5.5958794e-06	7.2744464e-05	0.61378974	0.0022535487	0.38353473
26	7	4547	800	15.338	64.353	720.5	71.565	4.7937924e-08	1.2171247e-08	1.5012882e-06	0.998868	0.00025913256	0.00087132776
27	6	4533	1053	14.841	54.454	565.0	59.744	2.292076e-08	5.1825722e-08	0.0018122637	0.99367625	0.0045037586	7.719243e-06
27	5	1083	1563	13.928	63.906	673.5	19.654	7.226618e-06	6.452705e-06	0.00048562215	0.8473421	0.1502479	0.0019106924
27	2	168	1746	14.318	55.946	602.0	65.556	4.2686708e-08	1.6724712e-08	4.4958488e-05	0.9996275	0.00023142569	9.603802e-05
27	1	3439	1964	13.793	60.583	644.5	41.424	0.00045150198	1.6808184e-05	0.0015535471	0.94140863	0.007184992	0.04938453
27	3	4703	1956	14.422	62.682	690.0	33.69	2.8693328e-06	2.1669364e-07	4.1416883e-05	0.9884228	0.004087335	0.007445348
27	8	5008	329	15.652	54.562	652.5	26.565	0.0052751875	0.00015422847	0.00040968935	0.5121745	0.16406943	0.31791705
27	7	4574	791	14.866	67.357	755.5	71.565	1.2372955e-07	2.5364601e-08	1.9009001e-05	0.9996537	0.00014886899	0.00017827211
28	6	4550	1042	13.463	55.823	575.0	59.036	6.451354e-08	1.1690854e-07	0.0005166853	0.9888909	0.010571769	2.0480005e-05
28	5	1063	1555	13.757	65.934	674.5	18.435	2.580657e-07	1.0535146e-07	1.9095709e-05	0.9956037	0.004282863	9.402563e-05
28	2	187	1736	14.841	54.966	612.0	59.036	1.4873899e-06	4.5022432e-07	0.0024859437	0.9960974	0.000925893	0.00048882584
28	1	3458	1979	14.422	60.803	648.5	36.027	7.102712e-05	3.613748e-06	0.0006979697	0.99158365	0.0042777257	0.003365993
28	8	5030	340	15.811	53.759	629.0	18.435	0.0014945985	4.1190688e-06	7.2161834e-05	0.98467374	0.00052664056	0.013228718
28	3	4687	1978	15.116	65.334	710.0	34.695	7.651811e-07	6.4098074e-08	8.13288e-06	0.9969752	0.0015525895	0.0014631816
28	7	4601	782	14.396	69.118	751.0	70.017	4.0678596e-08	3.87257e-09	2.1841797e-06	0.9998122	0.000118719974	6.685728e-05
29	0	4319	1873	16.401	66.843	816.0	38.66	1.2748246e-05	1.5197769e-06	6.331e-05	0.7994584	0.0043479498	0.19611615
29	6	4567	1032	13.647	56.385	578.5	61.39	4.4526067e-09	6.785375e-09	8.484156e-05	0.9990527	0.0008574338	5.0297094e-06
29	5	1042	1549	14.866	67.357	703.5	18.435	5.058134e-06	4.8268294e-07	0.00062498765	0.9965274	0.0024897128	0.00035234384
29	2	205	1725	15.0	54.203	615.0	53.13	3.651498e-06	3.8589337e-07	0.00014325831	0.9633459	0.00059044565	0.03591645
29	1	3478	1992	14.151	62.34	665.0	30.964	1.1611237e-05	3.8901058e-07	1.5967567e-05	0.98711616	0.001811938	0.011043984
29	8	5053	348	15.042	55.22	617.5	15.945	5.4117127e-06	4.4844477e-08	5.2630653e-06	0.9997955	4.505752e-05	0.00014868677
29	3	4671	2000	15.692	64.925	731.0	32.005	2.4128715e-06	4.2137344e-07	2.9049907e-06	0.9787805	0.0023696925	0.018843941
29	7	4627	771	14.116	68.485	752.0	66.038	3.463722e-07	9.3849586e-08	4.890068e-06	0.9648282	0.006333015	0.028833395
29	4	4305	1764	15.033	62.073	689.0	2.49	1.3379848e-06	2.097678e-07	3.1009924e-05	0.99885	0.00036525592	0.0007521552
30	0	4305	1892	15.532	64.236	759.5	31.608	1.0007649e-05	3.2389118e-05	0.0022761996	0.65184927	0.340239	0.005593099
30	4	4308	1740	14.714	63.218	698.0	8.531	2.6257247e-05	1.8659153e-05	0.010462776	0.9316179	0.057113104	0.0007613116
30	6	4585	1022	13.892	55.946	561.0	61.39	1.1195829e-08	4.8101443e-09	0.0001608336	0.99950755	0.00032602134	5.5521755e-06
30	2	221	1711	14.849	54.447	611.5	45.0	6.099682e-06	7.0018723e-07	0.00022856648	0.9498674	0.00073085004	0.049166374
30	5	1021	1542	14.866	67.067	727.5	19.983	1.3276273e-06	3.3551223e-07	0.00011140948	0.9947226	0.0050188205	0.00014541652
30	8	5077	353	16.279	56.089	639.0	11.31	0.000106355124	6.8829286e-06	5.5090557e-05	0.99319553	0.0054772287	0.0011588742
30	1	3500	2004	15.008	62.7	678.5	29.745	2.9543713e-05	3.061702e-06	0.0010691665	0.9898969	0.007358204	0.0016431452
30	3	4656	2021	15.264	64.9	722.0	33.69	6.982519e-08	6.054123e-09	2.9585226e-06	0.9983011	0.00038560547	0.0013103198
30	7	4653	758	14.327	67.359	716.0	61.189	1.2486743e-06	4.268232e-08	2.7716858e-05	0.99705887	0.00014324917	0.0027689526
31	0	4294	1912	15.652	63.953	770.0	26.565	7.3704728e-06	7.947314e-07	9.783805e-05	0.97863626	0.005419479	0.015838174
31	4	4312	1716	15.297	61.188	708.5	11.31	8.490142e-07	4.9301128e-09	3.6020303e-06	0.9986381	1.7618e-05	0.0013399157
31	6	4604	1012	13.416	55.036	589.0	64.983	7.537143e-07	8.9743827e-07	0.01153804	0.97451615	0.013903299	4.0803177e-05
31	2	237	1695	14.866	56.569	638.0	45.0	5.996258e-06	3.560509e-07	3.6907156e-06	0.5870993	0.0009020958	0.41198853
31	5	999	1534	14.396	67.965	745.5	21.801	1.0065921e-06	2.6416576e-08	4.138825e-06	0.9977175	0.00028670003	0.0019906897
31	1	3521	2016	15.811	59.076	673.0	33.69	0.000123359	1.6945638e-05	0.00051611045	0.61802775	0.37471965	0.0065961154
31	8	5103	359	14.56	57.723	644.5	14.036	0.0003096479	1.0493426e-06	0.00015688871	0.9965257	0.0028218767	0.00018478498
31	3	4643	2043	14.765	63.632	720.5	29.745	1.4957351e-06	5.204068e-07	0.00038173143	0.9918561	0.007328338	0.00043192602
31	7	4676	741	14.009	69.11	722.0	53.973	2.8201586e-07	3.1353642e-09	1.3011536e-06	0.99953485	3.692006e-05	0.00042665974
32	6	4622	1004	14.318	53.712	591.5	65.556	3.798765e-07	1.086188e-07	0.00015705405	0.9981592	0.0016310717	5.211277e-05
32	4	4315	1694	16.125	59.414	698.5	7.125	5.294851e-06	1.17653244e-07	0.00025150625	0.9990909	0.0003410158	0.0003112335
32	0	4284	1935	16.101	66.508	794.5	23.199	6.325508e-05	4.933045e-06	0.0002977259	0.9706196	0.014254305	0.014760087
32	2	253	1679	15.556	57.983	666.5	45.0	2.0744276e-06	2.9995793e-08	4.9438527e-06	0.97895724	0.000114858114	0.020920869
32	5	977	1524	13.865	68.2	732.0	26.565	6.363092e-06	7.732797e-07	7.259387e-05	0.95890576	0.020253474	0.020760996
32	1	3541	2029	15.0	61.4	686.5	36.87	4.7586104e-06	1.9986119e-07	1.1355941e-05	0.9899602	0.00084628345	0.009177157
32	8	5128	367	14.705	58.662	650.5	18.435	1.665116e-05	6.565995e-07	0.00010475894	0.99563426	0.0031266802	0.001116912
32	3	4631	2067	14.773	64.189	720.0	25.201	2.249536e-05	2.7447277e-06	0.00016604947	0.93597054	0.021760128	0.042078014
32	7	4698	723	14.916	67.546	754.0	50.711	1.5026287e-06	1.3077543e-08	2.9425457e-06	0.99750745	7.671852e-05	0.0024113967
33	6	4639	996	14.318	53.666	595.5	63.435	2.1795223e-08	1.526985e-09	0.00011969709	0.9998264	2.8124205e-05	2.59014e-05
33	4	4316	1671	15.0	57.0	689.0	90.0	8.6392214e-07	1.3348017e-07	2.2856148e-05	0.9986889	0.00075058296	0.0005367278
33	5	957	1513	13.416	68.0	701.0	28.072	3.12238e-05	8.6285536e-07	0.00010996733	0.95348406	0.0031112398	0.04326261
33	2	271	1663	15.305	57.873	655.0	50.711	3.6046077e-07	1.7220437e-08	1.9265092e-06	0.9400597	0.00014762694	0.059790373
33	0	4275	1958	17.868	69.096	870.0	18.435	7.2988355e-06	1.4383785e-07	1.582743e-05	0.9931289	0.0010853063	0.005762597
33	1	3560	2043	14.603	61.703	684.0	37.569	4.409914e-05	3.1083166e-06	3.18332e-05	0.9558822	0.021566615	0.022472274
33	3	4622	2091	15.232	64.622	714.0	21.801	8.656954e-06	1.4364908e-06	0.00048245903	0.9815029	0.012371038	0.005633631
33	8	5153	378	14.773	57.02	637.0	26.565	0.0010741323	1.7269306e-06	5.6984504e-06	0.9515115	0.0057335566	0.041673448
33	7	4719	704	15.24	66.191	740.5	48.013	7.984122e-07	1.6750311e-08	3.3232773e-06	0.99859816	6.3402935e-05	0.0013342663
34	6	4657	989	14.983	55.231	611.0	63.435	1.597074e-07	9.183626e-08	0.00048261508	0.9986199	0.0008408905	5.6370336e-05
34	4	4316	1650	15.0	59.0	698.0	90.0	0.000100686375	1.8868357e-05	0.000103838924	0.9751668	0.0138944555	0.010715389
34	5	938	1501	14.151	66.462	698.0	32.005	2.4550072e-05	1.1750424e-06	1.326431e-05	0.9347498	0.00083352195	0.06437774
34	1	3577	2058	14.866	62.225	659.5	45.0	1.5152297e-07	4.760628e-09	1.2099196e-06	0.9994216	0.00042354528	0.00015361754
34	2	291	1651	14.151	58.406	624.0	57.529	8.451567e-07	9.7031545e-08	5.8278733e-06	0.9866111	0.0021737034	0.011208379
34	0	4264	1983	16.155	69.354	860.0	24.775	3.0239351e-05	1.6659374e-06	0.00014280633	0.96939576	0.0064046048	0.02402503
34	3	4613	2116	15.042	63.744	706.5	16.699	9.853869e-07	6.9180834e-07	6.310941e-05	0.94325095	0.040709063	0.015975203
34	8	5176	391	15.264	55.073	627.5	29.745	1.8760134e-05	5.798005e-08	6.0224784e-06	0.99577576	0.0022630866	0.001936388
34	7	4739	687	15.24	65.523	729.5	48.814	6.590041e-07	4.8624667e-08	7.817495e-06	0.96689314	0.0005402739	0.032558046
35	6	4676	981	14.318	58.6	655.5	64.537	3.2244575e-06	6.6077416e-07	0.00054491294	0.9967218	0.002008194	0.00072113925
35	5	919	1488	14.422	66.287	700.0	33.69	4.9370635e-07	2.3426994e-08	1.2185235e-05	0.99949384	0.00013850762	0.0003550483
35	4	4314	1626	16.0	60.0	741.5	90.0	3.6166257e-06	5.285839e-08	1.6770382e-05	0.99966836	7.945446e-05	0.00023180293
35	2	311	1639	13.416	58.138	613.5	63.435	1.0808452e-07	4.099821e-08	1.5901403e-05	0.9971179	0.0006606313	0.002205471
35	1	3594	2074	14.866	60.811	676.5	45.0	1.6571412e-05	3.906175e-07	1.2279493e-05	0.97322345	0.017061815	0.009685489
35	3	4606	2140	16.621	61.881	734.0	15.945	1.545362e-06	2.3881395e-07	8.698882e-05	0.99265563	0.0059117796	0.0013438464
35	8	5197	406	15.0	54.406	603.0	36.87	0.0006218017	2.8852749e-06	4.442238e-05	0.9452035	0.010939359	0.043187946
35	0	4252	2007	16.125	71.589	862.0	28.61	1.3773554e-07	6.3614625e-09	5.1380475e-06	0.99686855	0.0001969075	0.0029292554
35	7	4759	670	15.0	63.6	726.5	53.13	4.6051775e-07	7.56906e-08	2.2228605e-06	0.9248138	0.0034110234	0.071772374
36	6	4697	972	15.232	60.166	656.5	68.199	8.693092e-06	8.165267e-06	0.007064783	0.9471611	0.045118056	0.00063917093
36	5	901	1475	14.765	66.731	705.0	29.055	2.1334621e-07	3.6237215e-09	3.0422034e-06	0.99921453	3.0643554e-05	0.0007516168
36	1	3609	2089	15.572	59.502	637.5	41.634	1.268395e-06	9.2543175e-08	3.6948902e-06	0.9912991	0.0052183415	0.0034774498
36	2	332	1629	14.089	58.809	627.0	63.435	5.342957e-08	7.746275e-09	7.1191657e-06	0.9988545	0.0002173738	0.00092091254
36	4	4313	1602	17.029	63.032	776.0	2.49	3.1315872e-06	6.6598886e-07	6.0114576e-06	0.99591666	0.0005777938	0.0034957528
36	3	4598	2163	16.155	61.465	733.0	21.801	2.2678341e-06	1.6010615e-07	0.00023778579	0.99498075	0.0021820108	0.0025970428
36	8	5219	420	14.327	53.087	581.5	29.745	7.591541e-05	8.647884e-06	0.0015986615	0.6320026	0.36591285	0.00040126176
36	7	4780	656	14.841	61.654	700.5	59.036	1.6870337e-07	4.6239222e-08	1.6383954e-06	0.9782365	0.0151551105	0.00660663
36	0	4236	2029	15.532	70.308	840.5	33.69	8.122259e-06	1.5220676e-06	0.00021152988	0.9802516	0.00966655	0.0098606525
37	5	882	1463	14.318	64.846	702.5	26.565	8.256103e-08	3.10109e-09	6.2278095e-06	0.9998098	8.460896e-05	9.9283076e-05
37	1	3625	2104	14.142	57.983	634.0	45.0	7.406543e-05	8.705707e-06	4.6084067e-05	0.7039713	0.27536356	0.0205362
37	6	4719	962	14.089	61.939	656.5	63.435	2.397454e-05	4.994765e-05	0.0011529914	0.5733177	0.41819182	0.0072635016
37	2	353	1619	15.264	57.306	624.0	60.255	1.5898795e-08	1.9341877e-09	1.1309089e-05	0.99971884	9.186121e-05	0.00017794078
37	4	4313	1577	15.0	60.0	725.0	90.0	0.0001176011	9.948337e-07	7.5356083e-06	0.99627507	0.0004350675	0.0031638162
37	3	4588	2186	15.232	60.836	706.5	25.201	2.0474083e-06	3.2004897e-07	8.5357795e-05	0.9880746	0.0042985007	0.0075391666
37	7	4802	645	15.207	61.492	700.5	63.435	9.3144095e-08	1.5185039e-08	1.8635235e-06	0.9971329	0.0012408181	0.0016243653
37	8	5241	433	14.327	49.882	538.0	28.072	0.00060766767	3.8927777e-05	0.0013313814	0.13062352	0.8663316	0.0010669279
37	0	4219	2049	15.945	71.967	849.0	40.601	4.508771e-06	5.9389624e-08	4.012533e-06	0.9962633	9.115437e-05	0.0036368764
38	5	864	1453	13.928	64.622	699.0	21.801	1.3485636e-05	5.282746e-07	5.0593546e-05	0.9566722	0.030079603	0.013183568
38	2	371	1609	14.422	56.036	631.0	55.305	9.201748e-06	7.3468834e-07	0.00014181696	0.9588735	0.0010417281	0.039933063
38	1	3640	2120	14.142	56.569	615.5	45.0	1.8707984e-05	9.486084e-07	5.711421e-06	0.4836702	0.0011285844	0.5151759
38	8	5262	442	15.524	49.336	557.0	17.354	0.0014827373	1.5680225e-05	0.0043539964	0.9835618	0.010222807	0.00036291333
38	6	4741	952	13.416	60.374	654.0	63.435	6.829963e-06	1.02068525e-05	0.0013068765	0.87798595	0.11915919	0.0015308432
38	4	4315	1553	16.125	62.65	724.5	8.13	1.3999754e-05	5.0204635e-06	3.5822075e-05	0.96955115	0.023764087	0.006629936
38	7	4825	637	14.866	62.968	704.0	68.962	5.722762e-07	1.7155028e-07	1.0348239e-05	0.9936371	0.0033384461	0.0030135347
38	3	4575	2207	14.534	62.163	699.0	26.565	2.0762361e-06	4.8688827e-07	0.000115495495	0.9915211	0.0069134287	0.001447338
38	0	4200	2069	16.263	70.004	862.0	45.0	1.5313688e-05	4.7558072e-07	1.0053215e-05	0.9133576	0.0010206654	0.08559593
39	1	3656	2134	14.16	56.679	605.5	41.186	0.00010146557	8.840827e-06	0.00055298506	0.9707681	0.01999577	0.008572964
39	5	843	1445	13.601	63.246	658.0	18.435	4.9072014e-08	3.163026e-08	6.611538e-05	0.998923	0.0009993246	1.1374701e-05
39	2	388	1596	15.7	54.3	610.5	53.13	1.1702514e-06	6.062728e-08	5.1604795e-05	0.9900343	0.00020732077	0.00970553
39	6	4762	940	14.151	60.969	663.0	59.036	1.2573882e-06	3.970681e-07	0.00015591919	0.9899058	0.0012361113	0.008700589
39	4	4319	1529	15.207	60.334	690.5	9.462	1.687807e-05	5.9272435e-07	4.764805e-05	0.99432737	0.0008717912	0.0047357217
39	3	4561	2227	15.264	63.812	705.0	32.005	5.254025e-07	3.7130256e-08	2.2929094e-05	0.9988691	0.0007872494	0.0003201338
39	8	5286	448	14.318	50.99	546.5	11.31	0.0006529355	6.228028e-06	6.638302e-05	0.9780508	0.018861445	0.002362286
39	7	4850	629	15.524	65.253	746.0	74.745	1.5289172e-07	8.620881e-09	1.1322385e-06	0.9982066	5.456534e-05	0.0017375369
39	0	4181	2087	16.971	69.296	841.5	45.0	2.7170483e-07	1.2078435e-08	4.312517e-06	0.99843127	7.1548246e-05	0.0014924861
40	2	403	1582	14.142	55.866	625.0	45.0	8.321079e-06	1.2784326e-07	9.434404e-06	0.9881974	0.00034859264	0.011436112
40	5	823	1438	13.601	66.098	660.0	17.65	2.2948884e-08	4.420163e-09	4.430043e-05	0.9996985	0.00024951156	7.609465e-06
40	1	3672	2147	14.866	57.385	613.5	41.634	8.979455e-06	1.4297923e-06	0.00032668683	0.99360776	0.00414433	0.001910772
40	4	4323	1506	16.279	58.464	696.5	12.529	1.5919275e-05	3.4829185e-08	1.5486365e-05	0.99936634	0.00010711446	0.0004950591
40	6	4783	928	15.652	62.61	681.5	63.435	1.2975114e-07	6.7000826e-08	0.00016683519	0.9978065	0.0018895452	0.00013686606
40	3	4545	2247	15.264	64.351	714.5	33.024	2.2235909e-07	1.0877955e-08	3.135038e-06	0.9961635	0.00012245345	0.0037106874
40	8	5311	454	14.431	53.854	555.5	12.529	2.3167931e-05	2.0913312e-06	0.00015883615	0.99277204	0.006902151	0.0001417163
40	7	4875	623	15.524	65.97	753.5	75.964	1.4241945e-07	1.3385774e-08	1.2829264e-07	0.9871127	2.4638357e-05	0.012862417
40	0	4160	2108	17.029	69.656	863.0	39.094	1.4853318e-06	2.5249554e-08	2.2044775e-05	0.99938595	0.00042709667	0.00016336048
41	1	3688	2159	14.534	59.281	616.5	39.806	1.2804707e-05	1.0934829e-05	0.0029103092	0.9600299	0.03579776	0.0012381572
41	5	802	1432	13.601	66.408	685.0	18.435	1.369072e-07	1.0482658e-08	1.8442848e-05	0.99956065	0.0004023219	1.8470959e-05
41	2	419	1565	14.849	57.276	662.0	45.0	1.8458006e-06	2.3605503e-07	4.853263e-05	0.94740427	0.0011483079	0.051396858
41	6	4802	917	14.318	59.481	666.5	63.435	3.7885457e-07	5.639544e-08	0.00034627705	0.99919766	0.00029144814	0.00016422814
41	4	4326	1483	16.125	60.299	731.0	6.34	3.1704913e-05	4.9825815e-07	8.471875e-05	0.9991786	0.00031409785	0.00039044968
41	3	4530	2267	15.811	64.9	737.5	33.69	1.0234799e-06	4.62552e-09	1.49604475e-05	0.99981314	4.726225e-05	0.00012366606
41	8	5335	460	14.431	50.934	533.5	14.036	0.00023954212	4.9960658e-05	0.021445284	0.101729736	0.8764574	7.8009354e-05
41	7	4903	616	16.492	70.093	788.5	75.964	7.414773e-08	6.2271397e-09	8.9738484e-07	0.9997248	6.9613816e-05	0.0002045777
41	0	4142	2132	16.508	65.593	819.0	33.69	6.3317007e-06	2.4394973e-07	8.286602e-05	0.99315745	0.0018854087	0.0048677456
42	5	782	1425	14.56	67.72	727.0	16.699	1.765692e-07	1.49892e-08	5.427875e-05	0.9996357	0.00027218586	3.7687718e-05
42	1	3705	2171	14.705	60.624	631.5	35.538	2.241233e-05	4.3621167e-06	0.00019114374	0.9750275	0.0074800737	0.017274544
42	6	4821	906	14.765	58.181	660.5	60.945	1.0270609e-07	3.9717676e-08	0.00014864033	0.99836296	0.0013076776	0.00018055944
42	2	436	1549	14.142	57.983	651.0	45.0	8.601171e-06	2.1493732e-07	6.2010313e-06	0.69862145	0.00012858072	0.3012348
42	4	4328	1458	16.194	63.145	745.5	7.595	1.0675801e-05	5.468058e-06	0.00027840488	0.91394293	0.08155879	0.004203746
42	3	4516	2287	14.577	64.502	719.5	32.471	1.9356403e-06	2.1603996e-07	4.9374765e-05	0.99289167	0.00594517	0.0011116174
42	8	5359	469	14.318	51.43	514.5	26.565	0.001880267	3.8131257e-05	0.027810635	0.6123055	0.35783926	0.0001261775
42	0	4129	2155	16.155	66.31	795.5	23.199	1.3909113e-06	4.9856116e-08	0.00010857841	0.99838614	0.00073399267	0.0007698708
42	7	4930	609	15.042	69.11	783.5	72.897	7.403724e-08	1.3787536e-08	3.3563805e-07	0.9976584	8.69346e-05	0.0022542875
43	5	760	1418	13.928	68.352	718.0	20.556	1.1217923e-05	1.5080581e-06	0.00015349402	0.97822875	0.017996827	0.0036081905
43	6	4839	895	13.892	57.706	657.0	62.103	2.8062998e-06	3.587565e-07	0.0011181383	0.9944858	0.0016772803	0.0027156048
43	1	3724	2183	15.305	60.401	653.0	36.87	2.5886455e-05	1.2779789e-06	0.00017782705	0.98904335	0.0014740089	0.009277637
43	2	455	1534	15.24	59.222	670.0	49.399	2.8574778e-08	2.84607e-09	8.2710716e-07	0.9978846	0.00011436602	0.0020002238
43	3	4504	2309	14.773	65.592	713.5	23.962	3.9283665e-07	4.8128207e-08	6.0448974e-06	0.9903709	0.0027458235	0.006876795
43	4	4328	1431	16.0	64.0	763.5	0.0	8.139141e-06	4.017148e-07	0.0001679453	0.99354583	0.0057964097	0.00048131155
43	0	4119	2178	15.977	68.82	812.0	20.556	2.3820488e-07	1.0468576e-08	7.5019775e-06	0.9981798	0.00023159797	0.0015808807
43	8	5383	483	13.416	50.537	489.0	27.553	0.00012381152	3.5199748e-06	0.00055996736	0.027325697	0.9718607	0.00012622471
43	7	4957	599	15.232	66.851	752.0	68.199	1.9501952e-06	1.5566376e-07	0.00011976424	0.9971697	0.00082696177	0.0018815766
44	6	4859	886	14.773	58.389	647.5	64.799	5.591322e-09	4.923173e-10	1.4309739e-05	0.9999298	3.923006e-05	1.6616488e-05
44	1	3741	2196	14.603	61.533	643.5	38.66	1.2208458e-05	9.470938e-07	5.56639e-06	0.9405009	0.0057383017	0.053742073
44	5	739	1409	13.2	68.485	722.5	23.962	2.787365e-06	2.0209558e-07	4.2617856e-05	0.9966097	0.0015878619	0.0017569166
44	2	474	1521	14.422	58.249	623.0	55.62	2.9682342e-06	1.8300524e-06	2.1710857e-05	0.9203321	0.044093102	0.035548296
44	3	4493	2332	14.577	63.044	687.0	21.801	0.00012581234	0.00011523134	0.0015231317	0.33680668	0.62212175	0.039307438
44	4	4328	1403	16.0	65.0	800.0	0.0	9.78925e-07	1.6686275e-07	6.805725e-07	0.9973201	0.0004319961	0.0022461016
44	0	4108	2204	16.621	69.269	863.0	22.249	1.2969258e-06	1.7486105e-09	1.8898604e-07	0.92816	6.7888206e-05	0.071770646
44	7	4982	587	14.089	68.648	731.0	63.435	2.5992532e-07	4.247577e-08	8.982925e-06	0.9892085	0.00043068847	0.010351562
45	6	4878	878	15.977	56.923	645.5	67.38	6.9067134e-08	1.1517776e-08	0.00013502283	0.9996137	0.00021901492	3.2213422e-05
45	1	3759	2209	14.213	60.44	637.5	38.66	4.679415e-06	4.6903233e-07	1.7167857e-05	0.9806951	0.008762415	0.010520108
45	5	718	1399	12.971	68.2	701.0	26.565	6.269552e-05	1.6056329e-06	8.675207e-05	0.8216201	0.02504967	0.15317921
45	2	494	1509	14.765	56.939	605.5	59.534	2.3248833e-07	3.84498e-09	1.0006933e-06	0.9986179	0.0002140504	0.0011668268
45	3	4484	2355	15.508	65.487	737.0	20.225	7.119779e-07	2.8004612e-08	1.0324171e-05	0.9631804	0.00069414853	0.03611443
45	4	4327	1377	16.0	63.0	781.0	90.0	3.0811414e-05	1.4356144e-07	3.5566766e-06	0.9981833	0.00048880925	0.0012932859
45	7	5005	574	13.892	66.888	721.0	58.57	2.1741319e-07	4.1469566e-09	5.4230463e-07	0.98789805	6.223866e-05	0.012039038
45	0	4096	2229	15.652	71.554	861.0	26.565	9.1735933e-07	1.6644515e-08	5.690171e-07	0.95566845	0.00041885892	0.04391124
46	6	4898	871	15.232	59.615	694.5	67.38	4.3889e-08	8.4916324e-10	4.0066163e-05	0.9999262	1.0659868e-05	2.3062717e-05
46	1	3775	2224	13.454	60.308	618.0	40.601	1.9909136e-05	1.8324869e-06	1.1439803e-05	0.851267	0.031517215	0.117182635
46	2	514	1499	13.865	58.363	605.0	63.435	1.7369214e-08	1.0794441e-08	1.526362e-05	0.9987895	0.001066074	0.00012916152
46	5	698	1387	13.647	69.794	715.0	28.072	2.7346054e-05	1.6556027e-06	6.1024773e-05	0.8980804	0.006160716	0.09566895
46	4	4329	1350	16.031	63.127	790.5	3.814	0.00012694435	3.0534545e-06	9.450541e-05	0.98644173	0.0015913887	0.011742314
46	0	4080	2251	15.532	71.696	834.5	33.69	5.42589e-07	7.532754e-08	9.053445e-06	0.99487525	0.0014199845	0.0036950845
46	7	5028	558	15.0	66.4	713.5	53.13	3.1516166e-07	1.6378863e-08	3.1742927e-06	0.9969171	0.0002645433	0.002814916
46	3	4473	2383	14.56	66.408	750.0	18.435	0.00021492514	7.12251e-05	0.00031976754	0.47958297	0.101695806	0.41811523
47	6	4918	864	15.811	59.135	685.0	71.565	2.973719e-06	4.0463558e-08	1.2205928e-05	0.99862885	3.7012323e-05	0.0013189137
47	5	679	1375	14.327	66.979	714.0	29.745	8.39238e-06	2.1301972e-07	1.593975e-05	0.9862238	0.00014838924	0.0136032505
47	1	3791	2239	13.435	61.518	618.5	45.0	3.8533176e-06	5.671691e-06	3.6250854e-05	0.16155834	0.833027	0.005368815
47	2	535	1489	13.865	57.02	608.5	63.435	1.7101344e-08	8.7187e-09	1.6641647e-05	0.9995431	0.00022453906	0.0002157469
47	4	4333	1325	15.7	62.39	740.0	9.462	0.00012539439	8.045341e-05	0.0049222433	0.8272231	0.15491788	0.012730956
47	0	4063	2272	15.62	69.656	826.0	39.289	1.6472405e-06	5.007314e-08	1.5071249e-06	0.98454434	0.00020552958	0.015246935
47	7	5050	541	15.0	65.803	729.5	53.13	2.133735e-06	4.9909836e-08	1.7969505e-05	0.99843687	0.00021304676	0.0013300156
47	3	4462	2409	15.508	63.973	738.5	21.801	4.8795096e-06	8.159504e-07	0.00036019366	0.98979	0.008092334	0.0017517011
48	5	661	1364	14.765	67.082	720.5	26.565	1.5632935e-07	4.2929624e-09	5.626767e-06	0.9995461	0.0001263459	0.00032167023
48	2	554	1480	15.008	54.279	601.5	59.036	3.0923295e-06	1.8756793e-07	4.2076565e-05	0.99436593	0.0006333746	0.004955288
48	1	3807	2254	14.142	62.225	613.0	45.0	2.2015126e-06	1.503175e-06	1.4206331e-05	0.8729173	0.110317044	0.016747708
48	6	4940	857	15.042	59.701	689.5	68.199	1.0657187e-06	9.8670306e-08	0.00024901365	0.9991053	0.00037689568	0.00026755958
48	4	4338	1300	16.008	64.879	776.5	14.036	5.47908e-07	5.5890044e-09	3.7058373e-06	0.99884254	7.543894e-05	0.001077739
48	0	4044	2291	16.263	71.418	832.0	45.0	5.0985415e-07	1.2147295e-07	9.226241e-06	0.99477637	0.002998	0.0022158085
48	7	5072	524	15.0	63.6	719.0	53.13	1.0892573e-07	7.724366e-10	5.685592e-07	0.999629	3.889915e-05	0.00033139662
48	3	4449	2433	14.765	64.008	703.5	29.055	2.0291947e-05	3.9992747e-06	9.1372e-05	0.85706085	0.08976127	0.05306221
49	5	642	1353	14.318	65.742	719.5	26.565	3.7358686e-07	1.4573592e-08	4.691571e-05	0.99947876	6.469615e-05	0.00040929334
49	2	571	1468	14.3	53.502	599.0	52.431	0.00021732398	2.8740602e-05	0.00032091982	0.3399033	0.02401142	0.63551825
49	1	3822	2270	13.435	61.518	607.5	45.0	3.7108935e-06	2.2657935e-07	5.255209e-06	0.98079693	0.0042183027	0.014975526
49	6	4961	850	14.577	60.815	660.5	68.199	2.6505859e-05	5.707159e-06	0.0036736135	0.98254484	0.013421267	0.00032811516
49	4	4343	1275	15.788	65.622	787.0	12.529	4.2730862e-06	2.8565943e-08	1.4587226e-05	0.9989336	8.538751e-05	0.0009621838
49	3	4434	2454	15.116	65.593	721.5	33.69	3.6971488e-07	3.4256075e-08	2.2818e-05	0.9982522	0.0006400443	0.0010844655
49	7	5093	508	15.811	63.246	710.0	55.008	4.4202395e-08	1.1047506e-09	1.1782968e-07	0.9835988	3.8325983e-05	0.01636274
49	0	4024	2309	15.556	67.882	828.0	45.0	2.015423e-06	7.6835455e-08	2.4365663e-05	0.99684805	0.00022337737	0.0029020128
50	1	3836	2285	13.454	59.397	597.0	45.0	2.172524e-05	3.2210423e-06	7.432494e-05	0.89358085	0.102487974	0.0038318667
50	2	587	1454	14.142	53.74	596.5	45.0	2.6372294e-05	1.3667467e-06	8.189832e-05	0.9637335	0.00073710456	0.035419792
50	5	622	1344	13.928	63.695	688.0	21.801	1.7232607e-05	9.832505e-06	0.00030503885	0.6002337	0.38551754	0.013916755
50	6	4982	842	14.866	61.465	676.0	68.199	6.9431057e-06	3.4925279e-06	0.0023897015	0.98590994	0.010458074	0.0012317816
50	0	4007	2326	17.205	63.6	798.5	36.87	2.6453245e-06	1.0956658e-06	0.0002955382	0.97054887	0.027105534	0.002046455
50	3	4417	2474	15.0	66.4	741.5	36.87	1.3688735e-06	6.287487e-08	1.0231394e-05	0.9837659	0.00026431287	0.015958048
50	4	4347	1248	15.788	65.408	776.0	11.889	8.835402e-06	1.4155191e-06	9.775782e-05	0.9921948	0.0048745614	0.0028226154
50	7	5114	493	15.264	61.911	701.0	57.995	2.2404468e-07	3.4388393e-08	8.889694e-06	0.9970842	0.0012754044	0.0016312763
51	1	3851	2299	13.435	58.69	603.0	45.0	1.4221868e-05	3.481795e-07	6.0544417e-06	0.97426593	0.00062745006	0.025085926
51	5	602	1336	13.601	62.642	667.5	16.928	1.1940202e-06	5.0742614e-07	0.00028438025	0.98845613	0.011170934	8.682832e-05
51	2	603	1438	15.572	55.933	629.5	47.726	1.2408971e-06	1.2753343e-07	1.8188442e-05	0.8696093	0.00080433604	0.1295669
51	6	5002	833	13.928	61.465	661.5	67.62	3.182536e-06	1.3204707e-06	0.0021940158	0.992374	0.004679326	0.0007481468
51	0	3993	2344	16.643	62.434	772.0	32.005	1.1586359e-06	1.3999822e-07	0.00017918953	0.99542624	0.0030449235	0.0013484103
51	3	4400	2494	14.705	64.809	723.5	36.027	1.1614544e-06	1.5081574e-07	2.726208e-05	0.9954705	0.0016290098	0.002871919
51	4	4350	1222	16.031	65.376	764.0	5.711	1.4691424e-06	2.5113634e-08	2.8735745e-05	0.9990545	0.0008241889	9.105398e-05
51	7	5137	480	14.534	60.821	691.0	63.435	1.652636e-06	3.039279e-07	1.50299475e-05	0.9454925	0.041493263	0.0129972305
52	5	583	1330	14.431	63.838	664.0	12.095	3.0189288e-08	6.549058e-09	3.143775e-05	0.99991226	4.3446114e-05	1.2819911e-05
52	1	3867	2313	13.435	57.276	581.5	45.0	0.00018255728	2.2672251e-05	0.0002291857	0.9101766	0.025708068	0.06368088
52	0	3983	2364	16.808	63.423	780.5	22.62	5.442948e-06	1.7024914e-07	0.00013241939	0.99458575	0.0012839669	0.003992274
52	6	5023	824	14.773	61.533	656.5	65.556	3.219905e-08	1.336615e-08	7.667656e-05	0.9988243	0.0010676908	3.1272164e-05
52	2	619	1421	14.849	57.276	631.5	45.0	3.608198e-08	3.4551941e-09	4.4973876e-06	0.99922955	0.00022592947	0.0005400127
52	7	5160	470	14.773	60.624	655.5	65.556	1.0751611e-07	2.5750275e-08	1.3121999e-06	0.99744606	0.0014932788	0.0010592745
52	3	4385	2516	15.264	65.734	735.5	32.905	5.6109826e-07	5.459094e-09	4.7293707e-07	0.99925727	6.962766e-05	0.0006720513
52	4	4352	1195	16.0	65.0	785.0	90.0	4.7535896e-06	1.4754154e-07	8.890162e-06	0.998548	0.00017036537	0.0012677931
53	1	3882	2326	13.2	57.812	573.0	40.601	1.3961467e-05	1.1840001e-06	0.00033881227	0.9972384	0.0013965048	0.0010111956
53	6	5043	814	14.534	61.719	662.5	63.435	2.5065331e-08	3.9737937e-09	0.0001868838	0.99965227	0.00013007395	3.0798958e-05
53	0	3975	2385	17.868	65.934	844.0	18.435	4.326355e-06	1.1191219e-07	4.0681043e-06	0.91252106	0.00024197518	0.087228455
53	3	4371	2538	14.327	65.125	696.0	28.61	5.055995e-07	3.4562214e-07	3.7672926e-05	0.9707016	0.027843038	0.0014168136
53	7	5186	462	14.866	61.984	691.0	71.565	2.1126618e-06	1.0474525e-06	6.446814e-05	0.9852424	0.008167806	0.0065221917
53	4	4352	1168	16.0	65.0	826.5	90.0	3.050575e-06	1.8813314e-07	5.096219e-07	0.9243475	0.00017574991	0.07547302
53	10	4679	1215	15.532	42.027	408.0	88.315	0.0005400451	0.97979224	2.5386174e-05	0.00016339224	0.007873253	0.011605709
54	6	5063	805	13.416	59.034	628.0	63.435	5.308814e-08	8.151865e-09	3.4149212e-05	0.9986619	0.00012920205	0.0011747406
54	3	4360	2560	14.089	65.517	710.0	26.565	1.4589656e-05	7.5136927e-06	0.00020950651	0.80562097	0.16755104	0.026596474
54	4	4353	1142	16.0	63.0	804.0	90.0	3.5005653e-06	3.7839578e-07	2.9425416e-06	0.99478346	0.0008329473	0.0043768906
54	7	5212	455	14.916	63.423	677.0	75.964	2.5093178e-07	2.892842e-08	3.5767205e-06	0.9989335	0.00029454235	0.000768175
54	5	540	1318	14.56	68.68	710.5	15.945	2.0758387e-07	6.267687e-08	2.6319836e-05	0.99920136	0.0006658754	0.00010614403
54	2	655	1391	14.3	58.125	634.0	54.782	2.9454432e-07	6.3351926e-08	1.9675146e-05	0.9920719	0.006615613	0.0012924115
55	6	5082	796	14.116	58.637	614.0	66.038	9.141041e-08	6.035973e-08	0.000906123	0.9966546	0.0024098787	2.9179782e-05
55	5	519	1310	14.318	67.624	723.5	23.199	1.0870741e-06	2.4493727e-07	4.517524e-05	0.9931926	0.0059823957	0.00077848404
55	4	4355	1117	16.125	64.498	785.0	7.125	2.3893938e-06	8.005447e-08	2.610238e-06	0.99905485	0.00012620963	0.00081385794
55	2	675	1378	13.647	57.881	572.0	59.036	1.6511065e-06	4.187756e-06	6.735711e-05	0.69992113	0.29415792	0.0058477973
55	3	4350	2584	15.811	66.129	739.5	20.556	1.326838e-06	4.915843e-08	1.3527875e-05	0.9832251	0.0010037061	0.015756352
55	7	5238	448	15.182	62.98	647.5	74.055	1.6749495e-05	2.2234339e-05	0.00025754987	0.60803425	0.37632835	0.015340827
56	6	5101	788	14.773	58.123	630.0	68.199	1.6421689e-07	3.478586e-08	0.0006178102	0.9986792	0.0006492557	5.355954e-05
56	5	498	1301	13.416	67.082	723.5	26.565	6.530926e-06	6.8181103e-06	0.0003746056	0.7132469	0.27816325	0.008201838
56	4	4359	1092	15.524	65.734	770.5	12.995	4.112423e-05	4.645775e-06	0.000644709	0.98905504	0.0043215267	0.0059330426
56	2	697	1366	13.647	56.385	565.5	61.189	5.4384063e-06	7.1112595e-06	0.00028022059	0.9010164	0.09576161	0.002929136
56	3	4340	2608	15.435	64.018	736.0	23.962	4.2107783e-07	9.3021164e-08	3.307547e-05	0.9859307	0.011595502	0.0024402132
56	7	5266	439	14.23	62.614	621.0	71.565	6.5821014e-06	1.8605133e-05	1.4936817e-05	0.005959181	0.99291044	0.0010903006
57	0	3951	2372	13.124	59.601	605.0	36.87	3.070988e-05	4.5721317e-06	3.502279e-05	0.7432321	0.17684482	0.079852775
57	6	5121	780	13.928	58.31	625.5	68.199	5.563657e-07	1.16692675e-07	0.00048160445	0.99886215	0.0005308649	0.00012476313
57	5	479	1290	13.416	68.425	717.0	26.565	1.4810166e-05	1.4547286e-06	9.3478695e-05	0.8875227	0.011876388	0.10049109
57	2	717	1357	14.089	55.231	586.5	63.435	1.2035557e-07	1.5729289e-07	0.000101043384	0.9944594	0.0052352627	0.00020408735
57	3	4330	2630	14.577	62.502	731.5	23.199	3.903802e-06	2.8167238e-07	0.00015523618	0.993884	0.0020223449	0.0039342344
57	4	4365	1066	15.403	66.455	790.5	14.036	3.1687664e-06	4.313582e-07	2.5698959e-05	0.9790475	0.0021098934	0.018813394
57	7	5292	430	13.463	61.28	604.0	68.749	3.6285905e-06	1.5091886e-05	0.0011495643	0.25435653	0.74401146	0.00046370915
57	11	3925	2476	16.401	68.411	827.0	37.875	5.5525066e-05	2.7051503e-06	7.6458666e-05	0.8056998	0.0023572184	0.19180831
58	0	3969	2385	13.2	58.9	587.0	36.87	5.272376e-06	6.9217613e-06	5.374409e-05	0.017501306	0.98154896	0.000883761
58	11	3906	2494	16.971	67.882	841.0	45.0	1.492834e-06	5.7827837e-08	3.4353013e-06	0.9772979	0.00027043466	0.022426756
58	6	5141	774	14.396	58.355	621.0	70.346	2.5601997e-08	8.6812624e-10	1.9046514e-05	0.9999534	1.5037059e-05	1.2550773e-05
58	5	459	1278	14.327	68.719	724.5	29.358	5.7109637e-06	4.8802247e-07	2.4883424e-05	0.98986757	0.00048147308	0.009619911
58	2	736	1346	14.422	54.083	585.5	56.31	2.1094927e-06	1.2916713e-07	0.0003286503	0.9985563	0.00028951306	0.0008232513
58	4	4371	1043	15.524	69.123	819.0	14.036	2.7090302e-06	2.0272763e-07	7.791734e-06	0.98444414	0.003610534	0.0119346585
58	3	4317	2651	14.983	64.176	707.5	26.565	9.3627295e-07	9.509912e-08	0.00011592232	0.99402726	0.0022936088	0.0035622152
58	7	5316	419	12.298	62.163	592.0	63.435	2.864095e-06	7.2155526e-06	0.00014475393	0.70712733	0.28760892	0.0051088673
59	0	3985	2399	12.806	59.816	567.5	38.66	3.988526e-06	1.7844077e-05	4.7232497e-05	0.0509548	0.9401963	0.0087797465
59	2	752	1334	14.603	53.724	580.5	51.34	8.298167e-06	3.8163117e-07	0.00011941961	0.9933316	0.00080819847	0.0057320893
59	6	5161	768	14.396	57.76	622.5	69.444	1.00998295e-05	8.4179163e-07	0.0001568299	0.99444276	0.0031969007	0.0021925436
59	5	441	1266	13.892	67.231	723.0	30.256	3.9100137e-06	1.4353353e-07	1.0803372e-05	0.9960628	0.00023475045	0.0036876157
59	11	3887	2511	16.651	66.935	835.5	41.987	3.7281072e-06	4.467657e-08	1.49574225e-05	0.9952165	0.00010513425	0.004659733
59	3	4303	2672	15.116	64.207	705.0	33.69	2.0954174e-06	3.220815e-07	0.00017723675	0.99515015	0.0029544153	0.0017157091
59	4	4377	1017	16.008	68.551	812.0	12.529	8.6325593e-07	5.591837e-08	1.3626974e-05	0.9985385	0.00044499506	0.0010020303
59	7	5340	406	12.971	59.785	573.0	60.255	7.756157e-06	8.732409e-06	0.00013808656	0.78645146	0.18639864	0.026995353
60	0	4001	2412	12.806	60.308	570.0	39.806	5.288181e-05	5.506765e-06	0.0001354004	0.90487593	0.06239093	0.032539397
60	6	5183	763	14.705	59.609	633.0	71.565	4.3644914e-07	3.666275e-08	7.668996e-06	0.9993567	4.4893102e-05	0.0005903383
60	5	423	1253	15.264	65.863	736.5	29.745	1.6365958e-07	1.0551183e-08	6.885678e-06	0.99969816	8.6981854e-05	0.00020787407
60	2	768	1318	14.142	53.038	571.0	45.0	0.00018267687	1.4324237e-05	0.00021149743	0.5957259	0.013787604	0.39007804
60	11	3869	2528	16.711	69.421	861.0	38.157	3.6637547e-07	1.5717292e-08	1.8274907e-06	0.95008564	9.934702e-05	0.04981291
60	3	4287	2692	14.603	66.53	726.0	38.66	2.7785765e-07	8.915219e-09	2.629433e-06	0.9984421	0.000114470415	0.0014405365
60	4	4381	991	15.7	67.175	790.5	8.13	2.1408728e-06	8.5359994e-07	5.8389607e-05	0.98376566	0.013162331	0.0030107275
60	7	5363	391	12.903	60.337	581.0	55.008	1.1907618e-05	9.703506e-06	0.00034781737	0.15156235	0.8464797	0.0015884789
61	6	5203	758	14.318	59.666	617.5	77.005	3.3750944e-06	8.9320764e-08	1.0634259e-05	0.9991702	0.00013228536	0.000683358
61	5	405	1241	14.983	65.517	731.0	26.565	1.4916012e-07	3.3132812e-09	9.24387e-06	0.99978346	6.927199e-05	0.00013785028
61	0	4017	2426	13.124	59.835	585.0	41.987	4.830068e-06	8.59673e-07	9.929634e-06	0.9783837	0.015954206	0.0056464453
61	2	784	1301	14.142	54.452	601.5	45.0	1.1543528e-05	2.101041e-07	1.9139194e-05	0.74239385	0.00018965844	0.25738558
61	4	4383	965	16.0	66.0	797.5	90.0	1.0613023e-06	7.9864414e-08	0.00010044195	0.9990068	0.0006428989	0.00024871
61	3	4270	2712	15.305	65.827	735.0	38.66	7.641121e-07	2.4847848e-08	1.16177725e-05	0.9981664	0.00018869028	0.0016325228
61	11	3853	2549	16.125	67.742	822.5	30.964	1.1252904e-06	3.2707476e-08	6.014919e-06	0.9868938	0.000590223	0.012508876
61	7	5386	374	13.2	59.701	580.5	53.13	3.3051585e-06	2.716312e-07	1.6820715e-05	0.9811162	0.013518965	0.0053444807
62	5	387	1232	14.396	62.211	691.5	21.251	1.3163997e-06	5.003451e-07	0.00020382556	0.95245486	0.046782117	0.0005573926
62	6	5224	754	14.866	56.921	600.0	71.565	3.1436997e-07	2.824387e-07	0.001124231	0.99779665	0.0008772282	0.0002013781
62	2	799	1285	14.142	55.866	620.0	45.0	4.962633e-07	2.8539e-08	4.958217e-06	0.9351009	9.382488e-05	0.064799756
62	0	4032	2440	13.454	60.811	599.5	45.0	3.1721613e-06	4.1713918e-07	1.4020693e-05	0.9883158	0.006638919	0.0050276183
62	4	4384	941	16.0	65.0	812.5	90.0	3.6760212e-06	1.0914073e-06	4.474065e-06	0.9656644	0.0016790535	0.032647274
62	3	4253	2733	14.422	64.07	704.5	33.69	2.717667e-07	1.6679765e-08	3.0701117e-06	0.99920255	0.0005456048	0.0002484918
62	11	3839	2574	16.553	71.176	842.5	24.444	1.065357e-06	2.8414277e-07	1.3440245e-05	0.9587534	0.023519345	0.01771256
63	5	369	1224	14.23	62.614	685.5	18.435	3.978886e-08	1.52981e-08	2.6573876e-05	0.9997117	0.00025437225	7.37512e-06
63	6	5247	748	13.601	59.203	607.5	74.055	4.4738897e-07	1.3154428e-07	0.0002566361	0.9991967	0.00042003565	0.00012608281
63	0	4048	2455	13.435	58.69	587.0	45.0	4.810918e-05	1.8291461e-06	1.8090286e-05	0.9435585	0.021485789	0.0348876
63	2	817	1268	14.534	56.349	613.5	48.814	8.887145e-06	3.2096665e-07	1.918754e-05	0.9798772	0.00070741714	0.01938697
63	4	4385	917	16.0	65.0	818.0	90.0	1.2922092e-06	1.2584378e-07	2.4324727e-06	0.99756265	0.00020787638	0.0022256826
63	3	4236	2760	14.151	67.166	720.0	29.745	4.690411e-06	4.5546426e-06	0.00014052754	0.66133326	0.3366053	0.0019116083
63	11	3823	2606	16.621	71.339	875.0	20.556	3.7290524e-06	1.4450669e-07	3.3450544e-06	0.9650733	0.0026194123	0.03230021
64	5	349	1217	14.396	64.353	696.5	18.435	3.8021342e-06	1.6356177e-06	0.0016423184	0.9843359	0.013886128	0.00013024546
64	0	4062	2468	13.435	57.276	587.5	45.0	0.00010895656	7.189919e-06	0.00015848626	0.9242439	0.04266052	0.03282096
64	2	835	1254	13.601	57.428	620.5	55.008	3.4402283e-06	6.985263e-07	4.8688187e-05	0.9561529	0.00466469	0.039129566
64	6	5269	743	13.463	59.002	596.5	73.301	1.3582659e-06	6.6434256e-07	0.0013152373	0.9963981	0.0020265586	0.00025811343
64	4	4386	894	17.029	63.127	810.0	3.366	2.0117012e-07	2.1622124e-07	1.1189418e-05	0.9992261	0.00015749712	0.0006047382
64	3	4221	2786	14.318	64.846	702.0	26.565	1.6135915e-06	1.0682882e-06	5.0720533e-05	0.8544464	0.14136522	0.0041350373
64	11	3811	2634	17.671	64.43	847.0	24.775	1.272059e-05	4.5905423e-07	3.2576605e-05	0.96661323	0.0008027456	0.032538258
65	5	328	1211	14.705	66.882	723.5	18.435	1.6126117e-08	6.481649e-10	4.2651245e-06	0.99997294	1.6906048e-05	5.8898195e-06
65	4	4391	872	16.492	62.817	766.0	14.036	2.1775742e-05	1.1887083e-06	0.00016861327	0.99578947	0.0011342306	0.0028847225
65	0	4078	2481	13.086	56.305	569.5	41.634	0.00072994566	0.00021117346	0.0005102998	0.715716	0.11091951	0.17191312
65	6	5290	737	13.124	58.977	598.0	71.565	0.00035417386	9.927251e-05	0.0014589853	0.59050435	0.37253204	0.03505127
65	2	855	1242	14.089	57.502	609.5	61.189	1.2300038e-07	3.887128e-08	0.000112068396	0.99756634	0.0005526117	0.0017688972
65	3	4210	2810	14.773	63.767	708.0	23.962	1.8034534e-05	4.5949896e-06	0.00025634648	0.661248	0.33298412	0.0054888567
65	11	3798	2657	16.56	63.026	807.0	30.964	4.4318544e-06	1.3814404e-06	0.0011248997	0.9870668	0.009688701	0.0021136785
66	0	4093	2492	13.793	57.682	571.0	42.709	9.37659e-06	2.3225825e-06	0.00026554137	0.9910348	0.0056464174	0.0030415552
66	4	4397	851	15.811	65.192	777.0	20.556	5.5196842e-06	7.24034e-07	0.00023237686	0.9890164	0.005520769	0.0052241953
66	5	307	1204	14.866	67.357	740.5	18.435	6.005366e-08	2.1064608e-09	4.6894493e-06	0.99992514	2.9242943e-05	4.0858886e-05
66	6	5311	731	12.649	58.822	575.5	72.474	1.5990328e-06	4.5904898e-07	0.00022895238	0.99699056	0.0023016073	0.00047673174
66	2	875	1232	14.089	56.573	593.5	63.435	5.260247e-08	4.4367596e-08	3.769714e-05	0.99891067	0.00087209203	0.00017948063
66	3	4198	2834	14.773	63.767	714.0	24.775	4.211346e-06	2.6902063e-07	3.140734e-05	0.9848385	0.011713171	0.003412572
66	11	3783	2676	16.508	65.104	783.0	36.384	1.0368888e-06	1.6883699e-07	2.0996018e-05	0.98931295	0.0013649068	0.009300007
67	4	4405	830	15.811	67.357	793.0	18.435	3.2160898e-07	1.1731678e-08	4.712919e-05	0.9984694	0.0003740912	0.0011089798
67	0	4109	2504	13.901	57.404	587.0	37.875	2.4754258e-05	4.051788e-06	9.257134e-05	0.9699831	0.011741957	0.018153505
67	5	286	1196	14.396	68.529	754.5	21.038	3.015153e-07	1.3593043e-07	5.353044e-05	0.9947621	0.0049568224	0.00022715
67	6	5332	724	13.285	57.554	554.5	71.565	1.2768692e-06	2.779152e-06	0.0013904915	0.909749	0.088746354	0.00011011081
67	2	895	1222	13.865	53.444	582.5	63.435	8.025201e-09	1.9974933e-09	8.8511115e-06	0.9998429	8.7258835e-05	6.103913e-05
67	3	4185	2856	14.318	61.717	683.0	26.565	6.0990533e-06	5.8634164e-06	0.00021361579	0.7834332	0.21123447	0.0051066387
67	11	3763	2696	16.651	68.347	835.5	41.634	3.7189605e-07	1.1014235e-07	2.1216872e-05	0.9952181	0.0019493053	0.0028108142
68	0	4124	2515	14.16	57.345	585.0	41.987	1.2822183e-05	1.8016962e-06	0.00022503921	0.9925736	0.0034426483	0.0037441228
68	2	913	1211	13.892	52.479	575.5	59.036	3.427804e-06	2.5122793e-07	0.0002497584	0.9953282	0.0003391522	0.0040791775
68	5	265	1186	13.416	66.189	728.0	26.565	1.5139741e-05	8.9458695e-07	0.00023777135	0.9833301	0.007902133	0.008513897
68	4	4413	807	16.447	69.588	822.0	19.983	4.3703717e-06	1.8249406e-06	0.00026881872	0.961791	0.021028638	0.016905395
68	6	5354	717	12.748	60.27	564.0	66.801	6.8051247e-07	4.295062e-07	0.00020445956	0.99450547	0.0052174567	7.14384e-05
68	3	4170	2877	14.151	63.097	669.5	33.69	3.3870435e-06	4.2849555e-07	1.1725382e-05	0.97507995	0.008481597	0.016422814
68	11	3744	2716	15.62	70.434	830.5	39.289	5.061122e-07	9.601363e-09	2.239476e-06	0.99506277	5.6572517e-05	0.004877963
69	2	930	1199	14.213	51.088	571.0	49.764	6.9181897e-06	6.7878517e-07	0.0001657186	0.9844333	0.0008753522	0.014518044
69	6	5374	709	13.928	58.523	553.0	70.017	3.473878e-08	8.684989e-08	5.960587e-05	0.99234855	0.0075596524	3.207502e-05
69	0	4141	2526	14.213	57.201	580.0	36.87	5.5755745e-06	4.8535463e-07	0.00039308367	0.99786156	0.0011428751	0.00059642596
69	5	246	1175	14.534	66.635	746.5	26.565	5.8134705e-05	1.4775626e-06	1.0331279e-05	0.50129306	0.0020603898	0.49657652
69	4	4421	783	15.338	70.066	810.5	16.699	2.7400938e-05	8.796899e-06	0.00034584745	0.88268214	0.061346684	0.055589058
69	3	4154	2897	15.0	64.031	700.0	38.157	1.3454455e-06	2.5300515e-08	1.5688705e-05	0.99914217	0.00018397428	0.0006567511
69	11	3725	2739	15.532	70.308	821.5	33.69	1.2550729e-08	1.8471236e-09	3.2033842e-07	0.999571	0.00019907753	0.00022957409
70	2	945	1184	15.207	51.296	580.0	46.975	0.00022707568	2.8464997e-06	4.2074014e-05	0.46745723	0.0018266091	0.5304441
70	0	4156	2538	13.601	57.689	576.0	33.69	5.951196e-05	3.8586795e-06	9.7200136e-05	0.9439416	0.0091118105	0.046785977
70	5	227	1163	15.207	66.882	747.5	28.072	9.592422e-06	1.8595642e-07	2.4764264e-05	0.9905083	0.0002552831	0.009201844
70	4	4427	758	15.403	67.67	793.5	14.036	2.0993431e-05	2.2449142e-06	3.332744e-05	0.9045112	0.0062924013	0.089139745
70	3	4137	2917	14.534	65.683	703.0	39.806	7.9667683e-07	8.980514e-08	1.1928026e-05	0.9957029	0.001720613	0.0025636423
70	11	3711	2763	14.983	69.989	802.5	26.565	2.4483713e-06	1.976411e-07	4.6049513e-06	0.92074805	0.0065225153	0.07272219
71	5	209	1152	14.765	64.846	748.5	26.565	3.2033097e-06	2.1143666e-08	6.1283367e-06	0.9985183	3.2227537e-05	0.0014402575
71	0	4172	2549	12.207	58.249	568.0	34.695	5.3380052e-05	1.5495795e-06	0.00012191532	0.98792773	0.002126831	0.009768614
71	2	961	1167	14.142	52.326	571.0	45.0	4.582432e-05	1.6811306e-06	0.00017633462	0.7957285	0.000940771	0.20310684
71	4	4431	734	15.788	67.98	789.5	9.462	6.834204e-07	2.9262452e-07	0.00011251462	0.99798775	0.0011924346	0.00070646073
71	3	4120	2937	15.0	64.405	721.0	36.87	1.8069777e-05	1.2417176e-05	0.0001743182	0.55546	0.4322718	0.012063344
71	11	3700	2789	15.811	69.57	817.5	18.435	1.8230965e-05	6.0406666e-07	4.2995216e-05	0.9601132	0.0050356663	0.034789376
72	5	192	1141	15.652	62.61	736.0	26.565	1.8976065e-06	2.490426e-07	0.0002745824	0.9986124	0.000815156	0.0002956376
72	0	4188	2561	12.619	57.142	563.0	34.509	2.6495549e-05	5.768731e-06	0.00040716186	0.9707007	0.0189878	0.009871998
72	2	976	1150	14.849	54.447	613.0	45.0	6.4810624e-06	7.532951e-07	0.00070526195	0.9501789	0.0009549759	0.04815356
72	4	4433	710	17.066	68.857	832.0	5.711	1.4367164e-06	3.4020877e-06	0.00093757996	0.9863689	0.011866693	0.0008219517
72	3	4106	2958	14.603	63.9	699.5	36.87	1.6491243e-06	7.54694e-08	1.1237608e-05	0.99550253	0.0016832477	0.002801125
72	11	3691	2814	15.811	67.067	822.5	19.654	2.0205202e-05	3.2384403e-07	4.4101253e-05	0.9798298	0.0023850815	0.01772045
73	5	174	1132	15.232	62.394	746.5	21.801	4.699342e-06	3.715208e-07	9.517448e-05	0.99759513	0.0006363524	0.0016682843
73	0	4202	2572	13.314	57.273	558.0	34.38	2.370995e-06	1.4532945e-07	5.1662813e-05	0.9983182	0.0013026019	0.00032513222
73	2	994	1134	14.866	55.973	651.5	48.814	2.7790961e-06	1.3286564e-07	4.7166548e-05	0.9890065	0.00020986283	0.010733496
73	4	4436	685	16.621	67.537	848.5	7.125	1.0713556e-07	6.0669514e-09	3.7073274e-05	0.9998404	7.19468e-05	5.0492166e-05
73	3	4092	2980	15.008	64.57	695.0	30.964	3.9656836e-08	1.1835929e-08	8.146761e-06	0.99788374	0.0020461434	6.183433e-05
73	11	3683	2837	16.155	62.769	791.5	23.199	5.51253e-06	8.0342566e-08	0.00016801352	0.9981299	0.00016127083	0.0015352847
74	5	156	1124	15.811	61.033	721.0	18.435	4.678832e-06	2.0065023e-07	0.00025128268	0.9990885	0.00041320428	0.00024210809
74	0	4217	2584	13.901	58.019	578.0	38.66	4.0262626e-06	9.734207e-08	2.2040238e-05	0.9980033	0.0015342155	0.00043633432
74	2	1013	1119	15.403	56.58	624.0	56.31	3.2904975e-07	1.3824936e-08	5.139699e-06	0.98841596	0.00014663642	0.011432032
74	4	4439	661	17.263	66.098	861.0	10.305	1.5123462e-05	4.2657334e-07	4.588999e-05	0.99722004	0.0002848104	0.0024337303
74	3	4080	3002	14.765	65.765	718.0	28.301	3.3331602e-08	7.45521e-09	7.864462e-07	0.9939765	0.0023665659	0.0036560947
74	11	3672	2857	16.125	61.294	769.0	28.61	1.095789e-05	1.0229013e-07	0.00036409617	0.9986721	0.00031331202	0.0006394217
75	5	136	1118	15.524	61.4	731.0	15.945	4.294234e-06	2.2074158e-07	0.00022887101	0.9991743	0.00024820433	0.00034396848
75	0	4232	2595	13.454	58.138	583.0	40.601	1.1289519e-06	9.171153e-08	3.7251863e-05	0.9961647	0.0036837345	0.000113092836
75	4	4444	638	16.492	65.97	824.0	14.036	2.4882884e-05	3.8500666e-06	0.00040394496	0.99363774	0.0020218813	0.0039076377
75	2	1033	1107	14.327	54.829	602.5	60.945	1.3352565e-06	4.9350245e-07	0.00028074483	0.99464613	0.0038228426	0.001248416
75	11	3657	2876	16.101	64.601	777.5	36.87	1.9423905e-07	1.539687e-08	6.0751685e-05	0.9993876	0.00038264066	0.00016877239
76	5	117	1112	16.14	62.31	758.5	17.103	4.799542e-07	4.9283164e-09	4.7824387e-06	0.999749	3.6770375e-06	0.00024207991
76	0	4247	2608	13.435	55.861	564.5	45.0	6.1034127e-05	3.0639017e-06	2.9993282e-05	0.96708035	0.008933975	0.023891453
76	2	1052	1097	15.652	53.666	611.5	63.435	1.9993422e-07	5.0868216e-09	4.9735565e-05	0.9998267	6.52114e-05	5.8188038e-05
76	4	4452	615	15.977	67.884	822.0	19.983	4.3158467e-05	4.3870234e-05	0.001405847	0.7491322	0.15998723	0.08938768
76	11	3639	2895	17.029	68.68	831.0	41.987	3.1635864e-07	1.1601957e-07	3.3148983e-05	0.9978873	0.001195855	0.00088327384
77	5	97	1107	15.811	63.246	788.0	18.435	4.2705165e-06	2.315726e-07	8.807748e-06	0.99715674	8.3754436e-05	0.0027461627
77	0	4262	2620	13.124	56.349	574.0	41.186	0.0001639152	9.2610426e-05	0.0005497609	0.47343415	0.48758957	0.0381699
77	2	1072	1086	15.652	50.99	609.0	63.435	4.5847846e-06	7.7290804e-07	0.00033055514	0.99230415	0.00065709883	0.006702823
77	4	4461	592	15.977	68.478	820.0	19.44	7.7482204e-05	8.833113e-05	0.006627701	0.6293014	0.3089702	0.05493494
77	11	3620	2917	15.7	71.137	852.0	38.66	4.0390626e-07	1.7674555e-08	6.309042e-06	0.9928703	0.0001192183	0.0070037986
78	0	4276	2631	13.829	54.893	573.0	41.634	3.0272686e-05	4.878198e-06	0.00022158462	0.9710014	0.0039702654	0.024771664
78	2	1088	1075	16.101	49.601	594.0	53.13	9.643253e-06	1.5069717e-06	0.0033205226	0.97734046	0.0024106523	0.016917247
78	5	75	1101	15.811	63.246	774.5	18.435	1.8084398e-06	2.6402354e-08	1.24488415e-05	0.99974376	3.8425373e-05	0.0002035577
78	4	4470	569	16.155	71.309	842.5	22.62	2.911184e-06	5.9292342e-06	0.00029923845	0.9148191	0.06922074	0.01565209
78	11	3602	2940	15.532	71.772	845.0	30.964	1.458836e-08	1.9575288e-09	1.6631031e-06	0.9996294	0.00014764717	0.00022123581
79	10	4681	1190	15.532	42.027	411.5	88.21	0.0019333931	0.9584829	6.906988e-06	1.9352461e-05	0.0019060543	0.03765147
79	2	1102	1062	15.556	49.497	585.0	45.0	2.3525077e-05	1.5058584e-06	0.00020041334	0.7325829	0.0009871052	0.26620457
79	0	4290	2642	13.829	54.993	558.0	39.806	1.3067289e-05	1.0731098e-05	0.0027246156	0.9586606	0.036576223	0.0020147194
79	5	55	1093	15.232	63.159	764.0	23.199	8.458696e-05	3.8189446e-06	0.00019541978	0.9872464	0.005029099	0.007440739
79	4	4478	545	16.286	69.73	851.0	18.435	2.7047604e-06	4.4922731e-07	0.0003085315	0.9782317	0.00983319	0.011623343
79	11	3588	2965	15.435	71.135	819.0	24.444	6.4498255e-07	3.2764255e-08	1.1984729e-06	0.9013515	0.0029735041	0.095673196
80	0	4304	2653	14.534	54.289	571.5	39.806	4.022842e-06	4.277203e-06	0.0043662	0.9487025	0.04631272	0.00061028375
80	2	1116	1046	15.24	50.658	601.0	41.634	0.00023174273	1.943221e-05	0.0008327131	0.63108367	0.0071377945	0.36069465
80	4	4484	521	14.318	70.093	819.0	14.036	4.3378736e-06	5.800193e-07	5.706785e-05	0.98958814	0.0022070042	0.008142793
80	11	3578	2990	16.14	69.588	822.5	17.354	9.0214337e-07	9.3676064e-08	1.1138461e-05	0.9942212	0.001986616	0.003780042
81	0	4320	2663	14.705	55.626	567.0	34.992	2.5244308e-06	8.5381835e-06	0.0003022739	0.6618686	0.33676407	0.0010540464
81	2	1130	1029	15.945	52.118	621.5	41.186	1.2322158e-06	1.1674392e-07	0.00044789052	0.9952739	0.00038215087	0.0038948213
81	4	4489	496	15.788	70.308	844.0	11.31	2.1055903e-06	1.7293241e-06	0.00014197995	0.984525	0.0065391115	0.0087900385
82	0	4336	2674	14.422	55.758	569.0	32.471	2.639787e-05	1.2752339e-05	0.00044900543	0.8870724	0.10314849	0.009290903
82	2	1145	1013	15.556	51.624	638.5	45.0	0.00023113801	4.8681454e-06	0.00038546725	0.836252	0.0007586631	0.16236797
82	4	4493	471	17.183	69.543	846.0	9.462	6.772795e-07	1.800832e-07	0.00014130573	0.9992957	0.00023209116	0.0003299379
83	10	4682	1186	15.532	40.028	423.0	88.21	0.0008151877	0.08145392	4.6504613e-07	8.88939e-05	0.06383348	0.8538081
83	0	4352	2685	14.151	55.886	581.5	33.69	1.2178444e-05	1.2055717e-06	0.000381782	0.9906489	0.0060008783	0.0029550868
83	2	1161	996	16.008	54.353	641.0	50.711	1.26859145e-08	1.6714055e-10	1.4049892e-06	0.9996339	8.068055e-06	0.00035662847
83	4	4496	447	16.279	69.051	867.5	10.008	1.8800043e-06	2.8309046e-07	0.00023956082	0.9980774	0.00020456144	0.001476382
84	10	4681	1185	17.0	43.0	421.0	90.0	0.00095580897	0.98005414	3.7911989e-06	1.2384484e-06	0.00035601997	0.018628903
84	0	4366	2695	14.422	57.689	576.5	33.69	1.1660043e-07	3.0803957e-08	1.2098251e-05	0.9979317	0.0018386885	0.00021728715
84	2	1179	982	14.705	53.668	626.0	56.31	6.2192116e-06	4.1380525e-07	4.492838e-05	0.9805777	0.0035453713	0.015825238
84	4	4500	421	16.771	67.367	849.5	11.31	6.068402e-07	3.9106094e-08	9.986387e-06	0.99890983	2.4360843e-05	0.0010552582
85	10	4682	1183	16.0	43.0	435.0	90.0	0.011665671	0.46761996	3.7516238e-05	0.00024610275	0.38654137	0.13388936
85	0	4382	2705	13.73	56.996	585.5	33.69	8.2039725e-05	1.675231e-06	3.3798526e-05	0.93653995	0.001104151	0.062238313
85	2	1199	970	15.264	54.203	646.5	60.255	1.9688726e-07	4.53607e-08	0.000107171145	0.99836975	0.00017258064	0.0013502925
85	4	4506	397	15.89	68.516	854.5	14.036	8.5590345e-06	4.0903196e-06	0.00075712363	0.97313213	0.006777266	0.019320928
86	10	4682	1182	17.029	45.044	428.0	88.21	0.0015614897	0.99362624	1.694349e-05	1.4430933e-06	0.0007880229	0.004005918
86	0	4397	2716	14.422	57.689	588.5	33.69	1.6553729e-07	2.0261461e-09	9.941069e-07	0.9996201	0.00028618667	9.249286e-05
86	2	1219	959	14.318	55.902	652.5	63.435	9.465975e-07	1.7457262e-08	2.6501277e-05	0.99932885	5.137142e-05	0.00059236196
86	4	4513	373	15.811	69.57	821.0	18.435	4.9130954e-06	1.3827395e-06	0.0006048841	0.9840024	0.008123209	0.007263104
87	10	4682	1181	17.029	45.1	451.5	86.73	0.0006571103	0.4717851	8.0979596e-08	1.188614e-06	0.0063570347	0.5211995
87	0	4412	2728	14.422	55.803	596.5	35.538	1.5504462e-05	3.665255e-07	2.738624e-06	0.89916223	0.0009162759	0.099903
87	2	1240	948	15.652	55.902	677.5	63.435	7.144561e-07	3.5253663e-08	0.0001175727	0.99817216	0.00030162372	0.0014079296
87	4	4522	350	15.811	69.893	831.5	18.435	1.7962531e-06	3.2171462e-07	3.9825954e-05	0.9785928	0.008834561	0.0125306165
88	10	4682	1180	18.0	44.0	457.5	90.0	0.0029402135	0.63141376	4.0131135e-06	3.4136127e-07	2.9887973e-05	0.36561185
88	0	4427	2740	14.866	55.154	613.5	45.0	0.001261676	0.00024660397	0.00087022095	0.60257787	0.09506659	0.29997703
88	2	1260	934	16.101	56.207	668.5	53.973	2.6135558e-06	1.5575498e-07	0.00017582449	0.99558794	0.00024889543	0.003984627
88	4	4532	326	15.977	70.995	852.5	18.435	4.225811e-06	9.130599e-06	0.00028335387	0.8158359	0.15447539	0.02939201
89	10	4683	1179	16.031	44.102	478.5	86.532	0.0054839686	0.9669963	2.2448572e-05	3.6751724e-05	0.0010785472	0.026381895
89	0	4442	2751	14.534	54.187	606.0	41.634	0.0003935542	3.6636156e-05	0.00010479276	0.7600439	0.011680549	0.2277406
89	2	1278	919	15.62	55.317	671.0	48.814	0.00027615472	3.3483928e-05	0.00024465393	0.58213854	0.014837568	0.40246958
89	4	4540	302	15.811	71.169	848.0	17.526	6.725667e-06	3.68501e-06	0.00019553592	0.9061927	0.053095624	0.04050576
90	10	4683	1178	17.529	46.024	466.5	88.363	0.0018372631	0.89539486	3.817595e-08	1.9356227e-08	2.4041445e-05	0.10274376
90	0	4455	2762	14.916	51.928	590.5	38.66	6.019451e-05	2.9743305e-05	0.008964454	0.89093494	0.095954336	0.004056238
90	2	1294	901	14.849	54.447	633.5	45.0	0.00022427941	3.1002166e-06	5.457677e-05	0.7407831	0.0010864668	0.25784847
90	4	4546	278	15.89	68.516	831.0	14.036	2.5951436e-05	5.6191966e-05	0.0025888358	0.93244094	0.050725337	0.014162629
91	10	4683	1177	16.031	46.098	463.5	86.73	0.0009575133	0.10689848	2.9451263e-08	5.2376157e-07	8.195123e-05	0.8920615
91	0	4469	2772	15.24	52.738	599.0	42.274	0.00016695746	3.7541179e-06	0.001105281	0.99115163	0.0025274593	0.0050448678
91	2	1308	883	15.62	52.498	613.5	40.236	7.202197e-05	1.9551553e-06	0.0004362173	0.970065	0.0008304003	0.02859435
91	4	4550	253	16.378	69.147	836.5	12.529	2.640907e-07	4.813975e-09	6.9332127e-06	0.9994987	8.107478e-06	0.00048600748
91	12	5376	1193	16.919	54.233	655.0	71.565	6.930516e-08	1.2444966e-08	0.00022758654	0.99963427	5.6914974e-05	8.116349e-05
92	10	4682	1176	17.529	46.024	477.0	88.264	0.0033514167	0.97984284	3.895507e-06	2.7864675e-07	0.0010841377	0.015717521
92	12	5359	1201	15.692	54.966	656.0	68.199	2.0600763e-07	1.1192678e-07	0.0005806852	0.9988751	0.00044879128	9.517643e-05
92	0	4482	2782	15.945	52.775	616.0	41.186	3.564042e-05	3.1134114e-06	0.0008273115	0.98242074	0.012840919	0.0038723112
92	2	1321	867	16.263	48.79	596.5	45.0	1.8792369e-05	1.098496e-06	0.00014112233	0.9561701	0.0023179094	0.041350983
92	4	4554	230	17.263	69.721	859.5	8.746	1.7268189e-06	4.970408e-07	0.0001431959	0.9977379	0.0015598108	0.0005569293
93	10	4683	1175	16.53	44.026	469.0	88.315	0.00085718057	0.22273463	9.8816756e-08	3.1257719e-06	0.0007192008	0.7756858
93	0	4496	2792	16.508	52.312	628.5	35.538	0.002483323	4.7648253e-05	0.0032768396	0.9418363	0.0053518503	0.047004074
93	2	1335	854	15.62	47.011	561.5	51.34	8.430828e-05	2.2361585e-06	0.0018258037	0.98671144	0.00518596	0.0061902334
93	12	5340	1210	16.621	57.76	711.5	69.444	7.499618e-08	6.2217755e-09	7.855182e-05	0.9998586	4.207063e-05	2.0665995e-05
93	4	4557	205	16.125	68.593	853.5	7.595	2.7923485e-07	2.2615444e-08	5.2952914e-06	0.99826825	7.502038e-05	0.0016510625
94	10	4683	1174	17.529	44.026	444.5	88.315	0.00058776955	0.4246309	4.89387e-08	1.1989975e-07	4.1022362e-05	0.5747401
94	0	4510	2802	15.811	52.202	625.0	36.87	0.0009526312	2.5429297e-05	0.00074606907	0.9477533	0.0027427797	0.04777981
94	2	1351	842	15.264	49.396	562.0	57.995	1.5940684e-07	3.7347228e-09	3.9300976e-06	0.99968505	5.4363798e-05	0.00025655297
94	4	4562	181	17.357	67.759	861.0	11.31	2.5671126e-05	1.6574389e-06	8.252765e-05	0.9900675	0.00067980174	0.009142823
94	12	5319	1216	16.14	59.552	731.5	74.745	0.000527685	2.1272885e-05	0.0007711468	0.9547012	0.0016491509	0.04232963
95	10	4684	1172	15.532	41.076	408.0	86.82	0.002558404	0.21789873	4.397437e-07	6.309322e-06	0.0019319244	0.7776042
95	0	4525	2813	15.264	53.0	629.5	31.608	0.00020893254	5.135132e-06	0.00026974265	0.9663943	0.011725398	0.021396386
95	2	1371	831	14.534	53.219	579.0	63.435	2.1460131e-07	7.019113e-09	3.2194205e-06	0.99922085	8.515871e-05	0.0006905517
95	4	4568	158	16.763	69.921	835.5	16.699	1.8002967e-06	2.523563e-07	0.00018507589	0.9973266	0.0010893646	0.0013969209
95	12	5298	1220	17.117	57.428	756.0	83.157	0.0019842715	1.1009493e-05	7.054397e-05	0.9918766	0.00044520234	0.005612441
96	0	4539	2823	15.532	53.668	627.5	33.69	0.0008987237	4.8172908e-05	0.00033276225	0.82298565	0.015987668	0.15974703
96	2	1392	819	14.534	55.455	607.5	63.435	1.9580727e-07	6.26889e-08	4.6147106e-05	0.99842155	0.00065802847	0.0008740299
96	4	4577	135	15.811	69.57	813.0	18.435	3.925518e-06	2.7686401e-06	0.00030544106	0.9553869	0.033401188	0.010899867
96	12	5277	1221	17.0	55.0	758.5	90.0	0.10800983	1.5035043e-05	1.17532945e-05	0.82032645	0.00040208612	0.071234874
97	0	4553	2834	15.7	52.901	616.5	36.87	0.00028665364	3.316855e-06	1.0189348e-05	0.6056623	0.0022975733	0.39173996
97	4	4586	112	16.553	71.176	839.5	23.962	4.955406e-06	2.1826047e-05	0.0010083041	0.5551319	0.42772633	0.016106708
97	2	1412	805	14.009	56.323	604.5	54.462	7.704323e-06	3.2929867e-07	2.7646107e-05	0.9893373	0.0019502565	0.00867673
97	12	5257	1219	20.1	54.231	805.0	5.711	7.965686e-05	1.542935e-07	1.1351703e-05	0.9997377	2.5347717e-05	0.0001457766
98	0	4567	2845	15.62	54.037	641.0	38.66	9.692057e-05	5.570077e-07	5.9421973e-06	0.8855272	0.0003433116	0.11402612
98	2	1429	789	13.435	55.861	600.5	45.0	0.00030880072	1.3237734e-05	8.722103e-05	0.36876887	0.0033515992	0.6274703
98	4	4595	89	16.286	70.677	836.5	18.435	7.1637265e-07	1.0428027e-07	6.713526e-05	0.9902816	0.0055041355	0.004146336
98	12	5238	1217	18.0	53.0	759.0	90.0	0.0017033849	1.3042033e-05	1.3314505e-05	0.99242556	0.00015432073	0.0056903716
99	0	4580	2857	16.401	53.6	648.5	36.87	4.3892876e-05	1.485204e-08	1.3551343e-07	0.9893819	4.8224185e-05	0.01052588
99	2	1444	771	13.829	56.403	591.5	40.236	0.00013272103	8.116846e-06	0.0003089437	0.8439659	0.044889357	0.110694975
99	4	4602	66	15.66	70.123	831.0	15.945	1.1614994e-05	4.1666672e-07	7.894802e-06	0.60461545	0.0047064824	0.39065808
99	12	5219	1218	17.0	57.0	763.0	90.0	0.0011422773	2.5642983e-06	1.1518678e-05	0.99758184	0.00056549686	0.0006962852
100	0	4593	2869	16.279	52.326	664.0	45.0	0.00052059727	4.0475334e-05	0.00040339262	0.39195877	0.003892514	0.6031843
100	2	1457	753	14.213	54.818	578.5	38.66	0.00010192512	1.7784849e-05	0.001637141	0.83617425	0.13025779	0.031811085
100	12	5197	1221	17.263	62.968	791.0	79.695	2.3589364e-06	3.0059564e-08	9.372125e-06	0.99986506	1.8038267e-05	0.00010515514
101	0	4606	2881	16.263	50.205	654.5	45.0	0.19229558	0.0011244289	0.0034684597	0.2243102	0.01284921	0.5659522
101	2	1469	736	14.534	50.707	558.5	40.601	4.1810257e-05	6.679896e-07	5.348098e-05	0.973956	0.0010358841	0.024912046
101	12	5176	1227	16.867	60.037	764.5	77.471	0.00010222737	1.0589966e-06	0.00016832406	0.9979436	0.00017714623	0.001607619
102	0	4618	2892	16.971	49.497	647.0	45.0	0.0022107165	7.237187e-05	0.0068486473	0.86705816	0.016917164	0.106893025
102	2	1482	723	13.454	49.497	519.5	45.0	4.0216344e-07	3.3844817e-08	2.0517517e-05	0.9991848	0.00028714657	0.0005070382
102	12	5153	1233	16.492	58.694	743.0	75.964	5.288971e-06	1.8014212e-07	5.410808e-06	0.9983175	0.0001245785	0.0015469728
102	13	1379	2982	16.651	71.171	903.0	41.634	9.4001877e-07	4.2302027e-08	3.2840117e-06	0.98022157	0.00013720251	0.019636998
103	0	4629	2903	17.692	49.497	675.5	45.0	0.044149578	0.00060158997	0.0024119911	0.6108836	0.10606485	0.2358884
103	2	1498	711	13.038	50.478	512.0	56.31	1.5244749e-06	2.3042129e-07	5.295651e-05	0.9892089	0.008939886	0.0017965746
103	13	1405	2957	16.279	70.838	882.0	48.366	7.285973e-06	7.083293e-07	1.3293942e-05	0.9559735	0.008940027	0.035065185
103	12	5130	1237	17.0	57.0	733.0	90.0	0.0039924374	1.33213925e-05	8.4475374e-05	0.99296546	0.0011952784	0.0017489112
104	0	4641	2914	16.971	53.74	731.5	45.0	0.009419602	0.000104281404	0.00062738	0.53431964	0.0042214883	0.45130756
104	2	1516	699	13.892	54.203	551.0	60.255	9.479888e-09	9.094189e-10	9.54922e-07	0.9996673	0.00029419173	3.7535385e-05
104	12	5109	1237	17.0	56.0	735.0	90.0	0.00037388038	1.8591555e-06	1.996721e-05	0.99887496	0.0004259694	0.00030325854
104	13	1435	2934	16.225	74.607	897.0	56.31	3.9959653e-07	2.6521144e-08	3.3073911e-06	0.9854174	0.0005964889	0.013982411
105	0	4656	2928	17.692	55.154	752.0	45.0	0.006409116	0.00036391994	0.0015985174	0.22508046	0.07844443	0.68810356
105	2	1535	688	14.151	56.509	559.5	59.036	2.1230262e-08	7.758271e-09	4.5751744e-06	0.9990514	0.00089769776	4.6272053e-05
105	12	5086	1235	19.164	58.2	823.0	8.746	0.006376872	4.027087e-06	5.1380453e-06	0.99120116	0.00031674723	0.0020960937
105	13	1471	2911	16.643	71.868	889.0	57.995	2.851249e-07	8.7693216e-08	3.784604e-05	0.99687374	0.0019125085	0.0011754672
106	2	1553	676	12.619	57.142	579.5	55.008	3.3617423e-05	4.4174772e-07	1.971032e-05	0.9849749	0.00054400275	0.014427244
106	0	4670	2942	17.692	57.385	769.0	41.634	0.015545238	0.00035953918	0.0014988603	0.5386455	0.09706026	0.34689057
106	12	5064	1230	18.742	57.786	801.5	9.462	0.00013045811	4.350646e-07	7.99566e-06	0.9995753	5.2900854e-05	0.00023284591
106	13	1502	2891	17.804	65.0	836.5	53.13	0.00023201524	9.052596e-06	0.00019331876	0.88706875	0.001239773	0.111257054
107	0	4685	2957	16.971	57.983	743.0	45.0	0.00081875623	4.789688e-05	6.234766e-05	0.2868038	0.039306328	0.6729609
107	2	1572	661	12.42	58.577	565.5	50.194	7.1773356e-06	2.4360006e-07	2.869808e-06	0.9239701	0.0018937455	0.07412592
107	12	5041	1225	18.028	59.135	820.5	3.814	0.14513229	1.178998e-06	5.9529884e-06	0.85404676	0.00013446371	0.0006792913
107	13	1528	2867	15.556	69.296	858.0	45.0	1.6715714e-05	1.6869461e-06	9.974063e-06	0.6516721	0.00055699574	0.34774244
108	2	1588	645	12.379	57.639	557.5	46.332	0.0008651697	1.5554833e-05	4.4319204e-05	0.74550575	0.0047258334	0.24884334
108	0	4700	2972	16.971	57.983	751.5	45.0	0.00033717183	2.1271337e-05	2.0679527e-05	0.11437945	0.012752242	0.8724892
108	12	5018	1222	17.529	61.1	801.0	3.013	0.00028546475	1.5494625e-06	9.575942e-07	0.9005853	0.00049511244	0.09863169
108	13	1555	2836	17.029	75.166	922.5	40.601	2.627315e-06	1.9660601e-07	2.2547497e-06	0.4832285	0.0017148781	0.5150516
109	2	1602	628	11.314	57.983	545.0	45.0	4.240081e-06	9.1913165e-08	2.9735468e-06	0.99391276	0.0011033305	0.004976495
109	0	4714	2988	17.678	57.276	763.0	45.0	0.0022831773	1.1776362e-05	5.0147795e-05	0.46268553	0.0022885434	0.53268087
109	12	4994	1222	16.0	60.0	768.0	90.0	0.0136279985	2.44248e-05	1.716146e-05	0.9720015	0.0086878985	0.0056410413
109	13	1585	2805	15.62	72.18	868.0	46.975	1.5716805e-06	1.3991934e-07	9.135209e-06	0.97905284	0.0018869892	0.019049266
110	2	1615	612	12.021	54.447	522.0	45.0	1.208438e-05	3.404461e-07	1.55753e-05	0.99091303	0.00042152172	0.0086374795
110	0	4728	3004	17.692	57.983	772.5	45.0	0.0003225498	9.637146e-07	4.001221e-05	0.88915014	0.0006361014	0.10985016
110	12	4970	1224	16.621	62.452	749.5	82.875	1.0025018e-05	9.1951e-07	6.47865e-05	0.99876165	0.0008364949	0.00032616477
110	13	1618	2781	15.264	73.498	838.0	56.31	2.1999906e-08	1.065125e-08	4.0522527e-06	0.9972203	0.0019648795	0.0008108576
111	2	1629	597	12.728	52.326	515.0	45.0	6.7345795e-06	6.215185e-07	0.00010191168	0.99392396	0.005398619	0.00056811457
111	12	4947	1228	16.621	61.589	747.0	81.87	5.63193e-06	3.694179e-08	1.4261582e-05	0.9995572	0.0003693436	5.3539847e-05
111	13	1654	2759	16.125	74.431	861.5	59.036	3.9646403e-07	1.7216318e-07	1.0717928e-05	0.98879296	0.0072549423	0.0039408905
112	2	1644	585	12.903	51.735	489.0	55.305	3.6125454e-07	3.7949485e-07	1.5739717e-05	0.9644331	0.034252595	0.0012978588
112	12	4924	1231	16.07	59.802	723.5	84.289	0.00014191208	3.0100716e-06	4.7835143e-05	0.99888104	0.00049377716	0.0004325406
112	13	1688	2736	15.305	73.636	844.0	51.34	3.273763e-05	2.6705598e-06	1.3368866e-05	0.89713216	0.0033620675	0.099457055
113	2	1661	574	12.619	53.593	493.0	59.036	3.4212007e-09	3.8351167e-09	4.756313e-07	0.99729186	0.0026488544	5.881424e-05
113	12	4902	1232	16.0	57.0	709.0	90.0	0.00045101627	1.5820757e-05	2.095669e-06	0.9881725	0.00019648611	0.011162165
113	13	1717	2709	14.849	72.832	813.0	45.0	6.4704636e-06	2.1445132e-07	1.4420618e-06	0.88809574	0.0011583911	0.11073773
114	2	1679	564	12.298	57.691	510.5	63.435	6.3424013e-09	8.417396e-09	3.8974218e-07	0.99693644	0.0028316386	0.00023154654
114	12	4880	1229	17.183	58.2	742.5	9.462	3.0528672e-06	7.269741e-08	2.2883091e-06	0.99978846	1.8433424e-05	0.00018767551
114	13	1743	2680	14.916	70.36	828.5	39.289	2.0136824e-07	2.3612113e-08	3.40333e-06	0.9924378	0.00032841068	0.0072302604
115	2	1698	553	12.083	57.245	532.0	63.435	4.3256055e-08	5.997687e-09	1.6632954e-06	0.99941695	0.00050335546	7.803221e-05
115	12	4859	1223	17.464	59.666	779.5	14.036	6.706758e-06	2.1565849e-07	2.7625581e-05	0.99942183	3.9431416e-05	0.00050422223
115	13	1769	2653	14.142	70.711	811.0	45.0	1.5420259e-06	1.4813453e-07	2.737176e-06	0.9401035	0.0056162407	0.054275967
116	2	1717	541	12.619	57.717	536.5	57.995	1.7326598e-06	1.4692971e-07	1.4734374e-06	0.96137893	0.0012444934	0.037373304
116	12	4836	1216	17.241	61.541	793.5	16.699	6.957966e-05	1.16406426e-07	1.19628785e-05	0.9992963	2.180503e-05	0.0006001641
116	13	1799	2631	14.841	71.002	781.5	56.31	7.215855e-08	2.349814e-08	4.1782123e-06	0.9821321	0.015816674	0.0020470598
117	2	1735	527	12.42	60.127	545.5	51.34	2.5462092e-05	7.240681e-07	1.9329743e-06	0.9172278	0.001024807	0.08171917
117	12	4813	1211	16.771	59.76	756.5	9.462	2.5146433e-05	5.9435473e-07	6.9137826e-07	0.9948265	0.00029313227	0.004853958
117	13	1830	2612	15.008	71.772	821.5	59.036	3.6337212e-07	4.325989e-08	1.2186008e-05	0.9967319	0.0008795695	0.002375992
118	2	1750	511	12.042	59.397	541.0	45.0	1.5842013e-05	7.0072963e-07	1.0348581e-06	0.9155151	0.0023974522	0.08206981
118	12	4790	1207	16.0	60.0	712.5	90.0	0.007626795	0.00015305304	1.3240609e-06	0.2854531	0.07605964	0.630706
118	13	1862	2592	14.705	71.8	799.0	53.13	1.8149669e-05	1.9413317e-06	1.9547273e-05	0.582544	0.0041331844	0.4132832
119	2	1764	495	11.314	56.569	510.0	45.0	6.136859e-05	1.7123687e-06	4.872208e-06	0.967186	0.0013238126	0.03142217
119	12	4766	1206	15.0	62.0	713.5	90.0	0.00062058127	1.5527565e-05	1.8690223e-05	0.89435965	0.10110769	0.0038778267
119	13	1889	2567	14.142	70.711	794.5	45.0	8.076827e-05	2.9977233e-05	4.5858626e-05	0.15789144	0.10356862	0.7383833
120	2	1777	479	12.728	54.452	523.0	45.0	5.152583e-06	5.7212657e-07	4.6517114e-05	0.9783524	0.02115453	0.00044083793
120	12	4741	1208	15.532	61.345	728.5	83.66	1.0994325e-05	2.3258376e-06	5.23181e-05	0.99231964	0.0068249144	0.0007897489
120	13	1913	2540	14.534	72.858	814.5	39.289	1.2223578e-06	1.6660672e-07	4.46692e-06	0.9629405	0.0023429866	0.034710627
121	2	1790	464	12.728	52.326	516.5	45.0	8.620123e-06	2.9178327e-07	2.6158754e-05	0.99691486	0.001702582	0.00134752
121	12	4720	1210	15.628	61.345	672.5	83.66	0.0002104263	0.00014305132	1.3847368e-06	0.5682922	0.039506763	0.3918461
121	13	1936	2512	15.24	69.096	796.0	41.186	1.4372907e-06	6.5141705e-08	9.593802e-06	0.98321146	0.00012590416	0.016651446
122	2	1804	451	12.806	51.856	495.0	50.194	3.3059496e-07	8.499252e-08	1.2516656e-05	0.99588096	0.0039596525	0.0001465005
122	12	4696	1211	14.534	59.053	594.0	87.51	0.0008576257	0.01811033	0.0050461036	0.059525274	0.8989002	0.017560411
122	13	1960	2489	15.0	69.029	750.0	51.34	1.4689878e-07	3.1935706e-08	4.6592396e-07	0.9920243	0.0027156537	0.0052594193
122	14	1508	766	19.0	26.0	401.0	90.0	0.6270099	0.2071619	0.0007153678	0.0066687977	0.0012454813	0.15719852
